ER Model
Parameters:
- p:0.1

 Size : 50
 Size of core : 7
 % of P2P links : 0.14
 % of nodes in level 1 : 12
 % of nodes in level 2 : 32
 % of nodes in level 3 : 32
 % of nodes in level 4 : 24
 % of nodes in level 5 : 0
 Degree of level 1 : 8.33
 Degree of level 2 : 4.62
 Degree of level 3 : 4.25
 Degree of level 4 : 3.5
 Degree of level 5 : 0

1 (1)  [2, 3, 7, 18, 23, 29, 31, 39]
2 (1)  [1, 3, 5, 14, 19, 22, 23, 27]
3 (1)  [1, 2, 4, 15, 18, 25, 26, 30]
4 (1)  [3, 8, 11, 15, 22, 24, 30, 34]
5 (1)  [2, 6, 9, 12, 19, 29, 32, 33, 39]
6 (1)  [5, 12, 16, 18, 19, 20, 28, 34, 39]
7 (2)  [1]
8 (2)  [4]
9 (3)  [5, 11, 32]
10 (3)  [20, 39, 40]
11 (2)  [4, 9, 46]
12 (2)  [5, 6, 44]
13 (3)  [27, 30, 39]
14 (3)  [2, 33, 48, 49]
15 (3)  [3, 4, 28, 50]
16 (3)  [6, 19, 27, 48]
17 (3)  [32, 39, 41, 45]
18 (3)  [1, 3, 6, 31]
19 (2)  [2, 5, 6, 16]
20 (2)  [6, 10, 23, 39]
21 (3)  [26, 39, 44, 47, 50]
22 (3)  [2, 4, 30, 42, 45]
23 (3)  [1, 2, 20, 42, 47]
24 (2)  [4, 29, 38, 40, 48]
25 (3)  [3, 26, 37, 42, 45]
26 (2)  [3, 21, 25, 39, 45]
27 (2)  [2, 13, 16, 38, 39]
28 (2)  [6, 15, 41, 43, 47]
29 (2)  [1, 5, 24, 42, 44]
30 (2)  [3, 4, 13, 22, 34, 46]
31 (2)  [1, 18, 32, 36, 37, 46]
32 (2)  [5, 9, 17, 31, 36, 49, 50]
33 (2)  [5, 14, 35, 41, 43, 44, 47]
34 (2)  [4, 6, 30, 39, 40, 47, 50]
35 (4)  [33, 49]
36 (4)  [31, 32, 43]
37 (4)  [25, 31, 49]
38 (4)  [24, 27, 46]
39 (4)  [34, 48, 50]
40 (4)  [10, 24, 34]
41 (4)  [17, 28, 33]
42 (4)  [22, 23, 25, 29]
43 (3)  [28, 33, 36, 48]
44 (4)  [12, 21, 29, 33]
45 (4)  [17, 22, 25, 26]
46 (3)  [11, 30, 31, 38]
47 (4)  [21, 23, 28, 33, 34]
48 (4)  [14, 16, 24, 39, 43]
49 (3)  [14, 32, 35, 37, 50]
50 (3)  [15, 21, 32, 34, 39, 49]
