200
2043
0 1 51
0 5 42
0 9 3
0 16 69
0 17 35
0 22 20
0 26 3
0 27 90
0 28 51
0 33 76
0 40 2
0 47 8
0 48 50
0 54 28
0 59 87
0 68 74
0 77 2
0 83 9
0 100 61
0 102 47
0 111 55
0 113 60
0 116 31
0 117 7
0 124 39
1 0 51
1 3 55
1 10 46
1 12 31
1 13 91
1 14 79
1 19 90
1 21 42
1 23 21
1 44 93
1 50 12
1 64 8
1 65 65
1 69 15
1 70 99
1 76 17
1 79 43
1 85 53
1 86 25
1 90 93
1 100 81
1 112 12
1 116 68
1 120 35
1 121 74
1 122 81
2 4 82
2 6 29
2 9 42
2 10 14
2 18 88
2 25 81
2 29 21
2 30 34
2 34 64
2 37 13
2 39 66
2 46 7
2 53 7
2 55 39
2 67 19
2 70 48
2 71 66
2 78 87
2 84 99
2 94 83
2 101 30
2 102 52
2 103 60
2 106 24
2 117 85
2 118 72
2 121 44
3 1 55
3 5 20
3 9 98
3 11 25
3 15 55
3 27 27
3 36 19
3 39 69
3 49 67
3 57 53
3 58 42
3 59 2
3 60 69
3 61 7
3 64 20
3 79 76
3 80 15
3 92 59
3 97 77
3 98 86
3 101 7
3 105 95
3 112 73
3 114 58
3 115 30
3 116 56
3 123 10
3 125 90
4 2 82
4 5 32
4 7 95
4 11 14
4 15 76
4 19 68
4 20 13
4 26 1
4 31 23
4 35 92
4 38 21
4 39 44
4 43 60
4 45 74
4 52 38
4 56 14
4 58 95
4 60 98
4 66 34
4 75 72
4 84 13
4 85 93
4 87 1
4 109 51
4 110 53
4 115 48
4 117 77
4 123 11
5 0 42
5 3 20
5 4 32
5 8 78
5 11 33
5 38 74
5 46 20
5 47 65
5 51 21
5 57 86
5 62 41
5 65 41
5 67 51
5 72 94
5 73 16
5 74 44
5 82 15
5 86 12
5 88 56
5 89 41
5 93 51
5 98 70
5 101 37
5 104 49
5 107 56
5 108 61
5 119 14
5 123 1
5 126 62
6 2 29
6 43 17
6 49 6
6 60 10
6 90 94
6 116 18
6 118 40
6 145 27
6 147 44
6 151 60
7 4 95
7 35 44
7 66 65
7 73 46
7 86 37
7 89 7
7 93 98
7 96 32
7 160 23
7 164 94
7 188 99
8 5 78
8 41 88
8 54 50
8 70 93
8 94 39
8 107 72
8 128 30
8 133 40
8 175 80
8 182 43
8 187 6
8 193 81
9 0 3
9 2 42
9 3 98
9 17 5
9 20 23
9 37 88
9 66 15
9 83 18
9 95 58
9 103 55
9 109 97
9 113 2
9 129 67
9 155 94
9 13 1
9 14 51
9 24 29
9 27 59
9 32 8
9 35 5
9 41 1
9 42 63
9 50 2
9 63 22
9 65 14
9 70 54
9 71 1
9 76 2
9 81 59
9 85 97
9 91 39
9 96 54
9 99 60
9 104 73
9 115 95
9 116 80
9 120 32
10 1 46
10 2 14
10 14 19
10 32 13
10 40 31
10 43 78
10 54 63
10 56 63
10 87 54
10 91 57
10 98 15
10 114 42
10 196 59
11 3 25
11 4 14
11 5 33
11 35 8
11 70 81
11 72 31
11 93 90
11 101 73
11 123 63
11 158 33
11 162 31
11 165 45
11 174 38
11 180 54
11 199 85
12 1 31
12 34 5
12 64 24
12 71 43
12 82 12
12 85 74
12 89 97
12 109 79
12 131 68
12 144 68
12 146 44
12 179 99
12 182 47
12 185 60
12 190 15
13 1 91
13 9 1
13 72 17
13 86 30
13 125 43
13 127 29
13 140 90
13 145 76
13 148 12
13 156 80
13 159 1
13 169 76
13 172 13
13 181 32
13 197 73
14 1 79
14 10 19
14 9 51
14 41 38
14 51 58
14 53 8
14 55 63
14 62 53
14 69 20
14 105 89
14 110 2
14 145 51
14 150 57
14 151 70
14 184 95
15 3 55
15 4 76
15 24 8
15 25 17
15 30 55
15 48 75
15 55 70
15 91 25
15 150 5
15 157 13
15 160 6
15 169 95
15 180 41
15 181 18
15 190 75
16 0 69
16 75 42
16 80 94
16 90 40
16 92 26
16 96 67
16 101 43
16 106 65
16 109 77
16 113 51
16 120 80
16 123 30
16 125 71
16 155 69
16 184 32
16 199 74
17 0 35
17 9 5
17 27 78
17 29 55
17 50 70
17 61 86
17 74 72
17 80 77
17 93 62
17 108 95
17 110 2
17 111 19
17 112 60
17 133 60
17 142 67
17 154 2
18 2 88
18 34 79
18 43 94
18 65 96
18 74 25
18 75 35
18 78 23
18 89 45
18 90 78
18 103 88
18 137 22
18 157 82
18 164 20
18 174 5
18 178 5
18 196 89
19 1 90
19 4 68
19 21 89
19 26 80
19 39 19
19 58 44
19 81 50
19 86 5
19 99 69
19 109 79
19 111 19
19 133 64
19 140 34
19 143 39
19 147 24
19 198 94
20 4 13
20 9 23
20 22 58
20 23 78
20 33 73
20 41 52
20 48 75
20 75 51
20 91 39
20 108 98
20 113 96
20 120 18
20 123 38
20 129 70
20 189 58
20 199 75
21 1 42
21 19 89
21 22 57
21 46 99
21 59 17
21 62 37
21 77 18
21 78 61
21 95 39
21 100 75
21 115 30
21 142 19
21 145 47
21 158 46
21 173 53
21 193 38
22 0 20
22 20 58
22 21 57
22 26 23
22 61 47
22 76 96
22 87 1
22 91 73
22 97 48
22 101 28
22 118 24
22 128 88
22 163 78
22 180 72
22 193 58
22 195 16
23 1 21
23 20 78
23 26 42
23 31 10
23 53 26
23 109 70
23 131 67
23 139 77
23 143 87
23 158 5
23 180 47
23 183 44
23 184 75
23 191 83
23 194 15
23 196 22
24 15 8
24 9 29
24 28 68
24 71 60
24 75 52
24 101 16
24 103 56
24 105 6
24 117 41
24 144 56
24 150 34
24 174 65
24 177 96
24 183 13
24 195 37
24 199 6
25 2 81
25 15 17
25 37 29
25 52 31
25 66 16
25 88 8
25 102 53
25 103 36
25 105 37
25 111 40
25 126 93
25 127 37
25 130 93
25 148 89
25 154 12
25 172 76
25 178 5
26 0 3
26 4 1
26 19 80
26 22 23
26 23 42
26 41 34
26 42 5
26 60 73
26 90 46
26 108 10
26 138 41
26 174 54
26 180 16
26 182 82
26 191 62
26 192 50
26 199 47
27 0 90
27 3 27
27 17 78
27 9 59
27 29 63
27 46 36
27 53 17
27 64 45
27 65 20
27 104 86
27 106 5
27 113 73
27 138 22
27 155 42
27 162 66
27 167 15
27 173 79
28 0 51
28 24 68
28 58 59
28 60 4
28 73 43
28 83 87
28 84 9
28 110 77
28 115 92
28 124 35
28 158 75
28 166 54
28 180 76
28 183 29
28 189 70
28 191 59
28 197 44
29 2 21
29 17 55
29 27 63
29 33 21
29 68 58
29 76 55
29 82 36
29 112 47
29 115 72
29 120 33
29 129 67
29 144 58
29 150 38
29 159 92
29 166 32
29 177 33
29 184 58
30 2 34
30 15 55
30 36 47
30 45 64
30 56 69
30 81 4
30 85 8
30 92 56
30 93 65
30 95 37
30 103 1
30 129 13
30 141 55
30 143 77
30 158 94
30 188 26
30 195 88
31 4 23
31 23 10
31 33 38
31 72 99
31 82 46
31 84 93
31 91 87
31 92 93
31 99 66
31 117 21
31 118 12
31 131 76
31 153 59
31 162 5
31 172 9
31 179 92
31 194 15
32 10 13
32 9 8
32 43 57
32 48 85
32 57 12
32 69 65
32 79 93
32 89 78
32 99 54
32 102 94
32 106 30
32 130 67
32 146 2
32 153 59
32 160 62
32 194 28
32 197 47
33 0 76
33 20 73
33 29 21
33 31 38
33 92 52
33 100 79
33 102 46
33 108 46
33 112 66
33 120 39
33 122 64
33 124 87
33 132 52
33 137 40
33 150 99
33 175 9
33 183 1
34 2 64
34 12 5
34 18 79
34 55 91
34 58 24
34 63 10
34 64 61
34 68 22
34 77 17
34 109 7
34 112 52
34 124 72
34 156 1
34 173 35
34 176 91
34 180 55
34 191 94
35 4 92
35 7 44
35 11 8
35 9 5
35 50 35
35 69 94
35 103 58
35 116 14
35 121 40
35 151 56
35 166 33
35 172 79
35 183 20
35 186 20
35 187 83
35 190 12
35 191 19
35 196 44
36 3 19
36 30 47
36 38 14
36 39 63
36 80 69
36 85 76
36 94 15
36 103 82
36 109 98
36 121 33
36 124 89
36 126 3
36 151 57
36 159 43
36 161 38
36 181 48
36 185 98
36 197 84
37 2 13
37 9 88
37 25 29
37 38 54
37 39 34
37 44 78
37 60 64
37 86 18
37 107 20
37 122 33
37 125 50
37 129 92
37 134 54
37 139 85
37 157 4
37 165 25
37 183 30
37 194 70
38 4 21
38 5 74
38 36 14
38 37 54
38 42 40
38 62 99
38 72 46
38 75 56
38 76 81
38 91 97
38 98 41
38 106 23
38 107 52
38 123 50
38 124 66
38 168 42
38 174 98
38 198 64
39 2 66
39 3 69
39 4 44
39 19 19
39 36 63
39 37 34
39 44 26
39 46 4
39 49 50
39 62 5
39 88 68
39 93 51
39 119 75
39 163 88
39 166 84
39 169 25
39 187 32
39 189 90
40 0 2
40 10 31
40 57 11
40 71 37
40 78 68
40 82 41
40 109 59
40 110 8
40 119 92
40 121 58
40 142 16
40 154 25
40 161 55
40 162 57
40 172 48
40 185 7
40 193 59
40 196 66
41 8 88
41 14 38
41 20 52
41 26 34
41 9 1
41 66 58
41 76 31
41 78 27
41 81 14
41 98 33
41 114 84
41 136 83
41 153 84
41 155 12
41 172 23
41 185 21
41 191 37
41 193 56
42 26 5
42 38 40
42 9 63
42 51 45
42 60 31
42 75 93
42 83 56
42 94 92
42 96 37
42 102 14
42 144 8
42 156 15
42 159 21
42 160 18
42 169 63
42 181 80
42 195 77
42 196 82
43 4 60
43 6 17
43 10 78
43 18 94
43 32 57
43 103 81
43 108 87
43 112 13
43 113 61
43 117 2
43 132 98
43 139 45
43 144 37
43 149 83
43 155 57
43 164 12
43 165 56
43 176 47
44 1 93
44 37 78
44 39 26
44 46 20
44 58 19
44 97 99
44 108 65
44 110 3
44 111 45
44 133 74
44 137 95
44 143 82
44 156 40
44 162 55
44 171 97
44 173 62
44 175 73
44 190 13
45 4 74
45 30 64
45 54 94
45 59 3
45 63 95
45 74 28
45 79 42
45 105 60
45 137 89
45 141 44
45 143 58
45 155 34
45 157 33
45 174 93
45 180 44
45 189 46
45 191 1
45 195 43
46 2 7
46 5 20
46 21 99
46 27 36
46 39 4
46 44 20
46 52 66
46 58 21
46 62 42
46 78 84
46 81 24
46 98 87
46 102 10
46 109 71
46 123 22
46 126 50
46 135 26
46 154 71
47 0 8
47 5 65
47 50 64
47 55 52
47 61 36
47 67 59
47 79 55
47 89 31
47 90 87
47 91 97
47 93 43
47 97 28
47 117 94
47 147 54
47 148 14
47 178 79
47 191 99
47 197 58
48 0 50
48 15 75
48 20 75
48 32 85
48 60 25
48 68 1
48 78 53
48 80 44
48 98 74
48 113 96
48 116 28
48 119 50
48 126 35
48 133 38
48 157 21
48 174 9
48 177 40
48 179 47
49 3 67
49 6 6
49 39 50
49 51 81
49 57 5
49 77 99
49 108 69
49 111 16
49 118 6
49 119 53
49 131 3
49 132 56
49 165 96
49 171 83
49 182 2
49 188 2
49 189 97
49 199 81
50 1 12
50 17 70
50 35 35
50 47 64
50 9 2
50 60 8
50 77 7
50 96 55
50 114 61
50 116 3
50 142 81
50 143 9
50 145 31
50 186 31
50 187 45
50 190 21
50 195 4
50 196 6
51 5 21
51 14 58
51 42 45
51 49 81
51 67 61
51 78 51
51 83 39
51 86 66
51 88 3
51 90 9
51 95 82
51 114 9
51 164 62
51 167 37
51 173 17
51 181 58
51 186 20
51 190 19
51 195 13
52 4 38
52 25 31
52 46 66
52 79 70
52 87 53
52 88 67
52 91 78
52 94 60
52 101 22
52 114 39
52 128 15
52 130 55
52 156 49
52 162 46
52 165 86
52 174 46
52 179 19
52 194 90
52 195 52
53 2 7
53 14 8
53 23 26
53 27 17
53 63 80
53 72 93
53 95 92
53 97 99
53 103 96
53 117 1
53 122 33
53 123 58
53 129 63
53 150 23
53 154 27
53 174 73
53 188 95
53 192 47
53 199 86
54 0 28
54 8 50
54 10 63
54 45 94
54 58 65
54 62 53
54 74 43
54 77 12
54 82 27
54 86 83
54 90 27
54 103 82
54 106 84
54 147 25
54 148 20
54 149 30
54 188 44
54 193 62
54 199 34
55 2 39
55 14 63
55 15 70
55 34 91
55 47 52
55 70 76
55 73 56
55 92 26
55 95 75
55 103 4
55 113 79
55 114 61
55 119 14
55 125 94
55 126 84
55 140 42
55 161 68
55 163 79
55 181 41
56 4 14
56 10 63
56 30 69
56 68 6
56 94 45
56 96 93
56 105 60
56 126 40
56 134 5
56 138 87
56 139 75
56 143 84
56 145 22
56 146 59
56 153 9
56 172 42
56 178 41
56 189 5
56 194 5
57 3 53
57 5 86
57 32 12
57 40 11
57 49 5
57 75 76
57 78 81
57 91 13
57 94 54
57 97 9
57 122 69
57 131 86
57 139 22
57 140 84
57 142 80
57 158 6
57 168 26
57 175 37
57 185 19
58 3 42
58 4 95
58 19 44
58 28 59
58 34 24
58 44 19
58 46 21
58 54 65
58 115 7
58 125 34
58 130 12
58 135 67
58 148 75
58 151 17
58 154 6
58 168 50
58 174 53
58 181 80
58 186 62
59 0 87
59 3 2
59 21 17
59 45 3
59 68 14
59 81 23
59 89 3
59 98 19
59 99 80
59 109 31
59 113 52
59 119 93
59 121 86
59 139 13
59 145 62
59 147 24
59 155 35
59 170 98
59 192 4
60 3 69
60 4 98
60 6 10
60 26 73
60 28 4
60 37 64
60 42 31
60 48 25
60 50 8
60 68 93
60 123 76
60 126 5
60 143 83
60 151 95
60 174 12
60 176 69
60 181 7
60 187 31
60 193 44
61 3 7
61 17 86
61 22 47
61 47 36
61 78 76
61 90 89
61 93 47
61 110 81
61 114 70
61 115 9
61 124 95
61 137 45
61 152 64
61 177 66
61 182 25
61 188 96
61 190 19
61 195 70
61 196 34
62 5 41
62 14 53
62 21 37
62 38 99
62 39 5
62 46 42
62 54 53
62 93 84
62 96 84
62 100 10
62 105 72
62 109 83
62 110 14
62 129 17
62 143 11
62 147 71
62 168 52
62 185 59
62 190 35
63 34 10
63 45 95
63 53 80
63 9 22
63 68 18
63 71 18
63 89 18
63 92 95
63 93 8
63 99 65
63 108 28
63 110 78
63 115 26
63 137 24
63 150 75
63 168 43
63 175 90
63 177 91
63 179 61
64 1 8
64 3 20
64 12 24
64 27 45
64 34 61
64 69 22
64 79 77
64 82 98
64 91 6
64 99 87
64 112 70
64 119 41
64 137 1
64 138 39
64 139 5
64 181 25
64 183 92
64 196 64
64 198 60
65 1 65
65 5 41
65 18 96
65 27 20
65 9 14
65 78 82
65 80 31
65 85 84
65 99 29
65 100 39
65 106 50
65 147 58
65 159 69
65 166 28
65 170 34
65 171 44
65 173 71
65 184 76
65 192 96
66 4 34
66 7 65
66 9 15
66 25 16
66 41 58
66 84 14
66 92 38
66 124 18
66 127 91
66 135 88
66 137 76
66 155 78
66 164 10
66 170 70
66 175 32
66 190 49
66 194 75
66 196 57
66 198 93
67 2 19
67 5 51
67 47 59
67 51 61
67 72 91
67 79 69
67 98 59
67 103 73
67 119 44
67 120 3
67 125 39
67 126 46
67 127 13
67 136 60
67 150 74
67 156 47
67 163 56
67 165 98
67 168 23
67 171 52
68 0 74
68 29 58
68 34 22
68 48 1
68 56 6
68 59 14
68 60 93
68 63 18
68 72 12
68 82 13
68 84 22
68 106 4
68 116 1
68 126 99
68 128 34
68 136 63
68 138 21
68 171 66
68 182 13
68 193 48
69 1 15
69 14 20
69 32 65
69 35 94
69 64 22
69 80 23
69 89 58
69 102 39
69 109 45
69 110 18
69 114 12
69 115 45
69 117 62
69 119 67
69 126 37
69 137 8
69 141 32
69 168 97
69 175 34
69 186 31
70 1 99
70 2 48
70 8 93
70 11 81
70 55 76
70 9 54
70 72 32
70 80 55
70 105 58
70 122 97
70 132 20
70 135 81
70 142 53
70 146 74
70 155 32
70 158 87
70 186 37
70 191 53
70 192 6
70 194 2
71 2 66
71 12 43
71 24 60
71 40 37
71 63 18
71 9 1
71 74 29
71 80 61
71 82 92
71 104 26
71 121 31
71 134 56
71 138 72
71 147 93
71 160 76
71 182 61
71 187 53
71 194 8
71 196 10
71 199 87
72 5 94
72 11 31
72 13 17
72 31 99
72 38 46
72 53 93
72 67 91
72 68 12
72 70 32
72 79 40
72 82 16
72 83 72
72 90 47
72 102 75
72 104 21
72 122 67
72 153 8
72 155 74
72 175 93
72 182 40
73 5 16
73 7 46
73 28 43
73 55 56
73 80 13
73 107 31
73 113 45
73 118 19
73 119 85
73 122 98
73 139 1
73 140 98
73 141 90
73 146 27
73 150 29
73 166 46
73 176 51
73 178 22
73 182 74
73 190 64
74 5 44
74 17 72
74 18 25
74 45 28
74 54 43
74 71 29
74 92 75
74 99 83
74 110 75
74 117 15
74 121 23
74 122 91
74 124 87
74 127 22
74 135 18
74 137 8
74 171 41
74 185 26
74 187 34
74 197 35
75 4 72
75 16 42
75 18 35
75 20 51
75 24 52
75 38 56
75 42 93
75 57 76
75 101 18
75 120 47
75 122 18
75 145 63
75 151 19
75 153 3
75 162 13
75 163 72
75 167 2
75 168 3
75 175 99
75 196 31
76 1 17
76 22 96
76 29 55
76 38 81
76 41 31
76 9 2
76 83 3
76 92 6
76 105 76
76 117 67
76 124 33
76 127 11
76 140 94
76 146 48
76 160 86
76 162 38
76 179 87
76 192 8
76 195 56
76 198 95
77 0 2
77 21 18
77 34 17
77 49 99
77 50 7
77 54 12
77 78 50
77 96 35
77 97 29
77 117 85
77 120 53
77 122 29
77 135 55
77 141 69
77 142 58
77 154 82
77 164 72
77 172 12
77 178 38
77 186 23
77 199 96
78 2 87
78 18 23
78 21 61
78 40 68
78 41 27
78 46 84
78 48 53
78 51 51
78 57 81
78 61 76
78 65 82
78 77 50
78 91 40
78 97 26
78 118 54
78 142 68
78 144 46
78 163 87
78 164 32
78 189 92
78 190 88
79 1 43
79 3 76
79 32 93
79 45 42
79 47 55
79 52 70
79 64 77
79 67 69
79 72 40
79 107 18
79 118 30
79 121 75
79 133 27
79 149 87
79 151 23
79 152 29
79 153 22
79 166 4
79 169 66
79 195 27
79 197 85
80 3 15
80 16 94
80 17 77
80 36 69
80 48 44
80 65 31
80 69 23
80 70 55
80 71 61
80 73 13
80 87 21
80 105 96
80 107 85
80 113 31
80 125 79
80 141 57
80 149 44
80 151 17
80 166 81
80 186 92
80 190 9
81 19 50
81 30 4
81 41 14
81 46 24
81 59 23
81 9 59
81 84 46
81 95 77
81 96 57
81 111 85
81 112 9
81 118 50
81 132 25
81 135 80
81 146 80
81 160 53
81 165 59
81 171 19
81 178 76
81 189 88
81 194 93
82 5 15
82 12 12
82 29 36
82 31 46
82 40 41
82 54 27
82 64 98
82 68 13
82 71 92
82 72 16
82 119 32
82 124 6
82 127 21
82 131 18
82 142 27
82 162 17
82 165 3
82 178 10
82 183 96
82 190 13
82 191 6
83 0 9
83 9 18
83 28 87
83 42 56
83 51 39
83 72 72
83 76 3
83 87 13
83 90 94
83 122 98
83 124 22
83 125 5
83 133 96
83 138 52
83 154 63
83 162 34
83 163 13
83 166 65
83 183 59
83 185 93
83 192 97
84 2 99
84 4 13
84 28 9
84 31 93
84 66 14
84 68 22
84 81 46
84 113 12
84 126 52
84 130 17
84 134 40
84 158 92
84 161 10
84 169 73
84 171 98
84 179 31
84 182 91
84 186 77
84 189 1
84 194 46
84 198 88
85 1 53
85 4 93
85 12 74
85 30 8
85 36 76
85 65 84
85 9 97
85 88 59
85 102 94
85 107 63
85 115 5
85 118 45
85 125 37
85 128 11
85 152 93
85 154 41
85 163 26
85 174 27
85 178 55
85 188 43
85 195 39
86 1 25
86 5 12
86 7 37
86 13 30
86 19 5
86 37 18
86 51 66
86 54 83
86 93 40
86 96 51
86 101 53
86 105 57
86 108 92
86 111 45
86 124 20
86 128 17
86 132 44
86 153 51
86 163 60
86 186 21
86 198 4
87 4 1
87 10 54
87 22 1
87 52 53
87 80 21
87 83 13
87 88 6
87 92 61
87 94 54
87 100 18
87 116 56
87 128 17
87 144 23
87 158 53
87 171 6
87 177 86
87 181 46
87 182 48
87 184 64
87 186 26
87 189 55
87 198 7
88 5 56
88 25 8
88 39 68
88 51 3
88 52 67
88 85 59
88 87 6
88 91 65
88 102 55
88 107 48
88 111 16
88 113 8
88 121 57
88 127 60
88 129 6
88 139 77
88 152 29
88 156 2
88 179 81
88 180 89
88 187 75
88 196 85
89 5 41
89 7 7
89 12 97
89 18 45
89 32 78
89 47 31
89 59 3
89 63 18
89 69 58
89 95 96
89 97 37
89 101 39
89 108 66
89 114 45
89 116 8
89 125 41
89 161 98
89 163 15
89 166 28
89 171 96
89 182 15
89 191 44
90 1 93
90 6 94
90 16 40
90 18 78
90 26 46
90 47 87
90 51 9
90 54 27
90 61 89
90 72 47
90 83 94
90 91 22
90 117 70
90 118 4
90 124 87
90 153 25
90 157 52
90 161 56
90 178 34
90 191 61
90 192 68
90 198 92
91 10 57
91 15 25
91 20 39
91 22 73
91 31 87
91 38 97
91 47 97
91 52 78
91 57 13
91 64 6
91 78 40
91 88 65
91 90 22
91 9 39
91 101 98
91 116 94
91 145 20
91 152 39
91 160 69
91 163 57
91 165 87
91 199 6
92 3 59
92 16 26
92 30 56
92 31 93
92 33 52
92 55 26
92 63 95
92 66 38
92 74 75
92 76 6
92 87 61
92 93 97
92 97 53
92 100 3
92 107 57
92 109 95
92 132 1
92 135 72
92 157 75
92 159 50
92 180 87
92 193 19
93 5 51
93 7 98
93 11 90
93 17 62
93 30 65
93 39 51
93 47 43
93 61 47
93 62 84
93 63 8
93 86 40
93 92 97
93 100 24
93 119 57
93 123 23
93 142 64
93 157 35
93 165 27
93 166 72
93 171 21
93 197 89
93 198 40
94 2 83
94 8 39
94 36 15
94 42 92
94 52 60
94 56 45
94 57 54
94 87 54
94 97 13
94 100 80
94 104 90
94 107 7
94 112 52
94 113 82
94 137 28
94 150 9
94 164 69
94 165 87
94 171 58
94 186 23
94 189 90
94 197 16
95 9 58
95 21 39
95 30 37
95 51 82
95 53 92
95 55 75
95 81 77
95 89 96
95 97 18
95 104 44
95 105 40
95 112 45
95 119 94
95 120 80
95 158 16
95 161 18
95 167 37
95 174 92
95 179 82
95 195 24
95 196 19
96 7 32
96 16 67
96 42 37
96 50 55
96 56 93
96 62 84
96 77 35
96 81 57
96 86 51
96 9 54
96 106 45
96 109 60
96 117 47
96 120 58
96 132 92
96 141 89
96 148 17
96 153 44
96 165 71
96 167 46
96 171 54
96 176 41
96 178 33
97 3 77
97 22 48
97 44 99
97 47 28
97 53 99
97 57 9
97 77 29
97 78 26
97 89 37
97 92 53
97 94 13
97 95 18
97 101 64
97 130 16
97 134 23
97 143 80
97 151 86
97 158 67
97 182 21
97 188 31
97 194 13
97 195 1
97 199 47
98 3 86
98 5 70
98 10 15
98 38 41
98 41 33
98 46 87
98 48 74
98 59 19
98 67 59
98 99 32
98 102 90
98 104 39
98 118 66
98 138 15
98 145 11
98 146 73
98 156 60
98 159 23
98 168 20
98 178 71
98 180 16
98 181 61
98 185 88
99 19 69
99 31 66
99 32 54
99 59 80
99 63 65
99 64 87
99 65 29
99 74 83
99 98 32
99 9 60
99 100 33
99 103 86
99 107 66
99 109 74
99 110 71
99 121 31
99 149 90
99 166 95
99 167 63
99 174 76
99 182 14
99 187 36
99 197 59
100 0 61
100 1 81
100 21 75
100 33 79
100 62 10
100 65 39
100 87 18
100 92 3
100 93 24
100 94 80
100 99 33
100 103 80
100 106 37
100 121 6
100 145 64
100 151 80
100 156 98
100 166 30
100 171 47
100 176 9
100 177 55
100 183 59
100 196 32
101 2 30
101 3 7
101 5 37
101 11 73
101 16 43
101 22 28
101 24 16
101 52 22
101 75 18
101 86 53
101 89 39
101 91 98
101 97 64
101 102 75
101 107 82
101 108 37
101 120 23
101 121 61
101 122 22
101 123 9
101 129 79
101 141 96
101 154 81
102 0 47
102 2 52
102 25 53
102 32 94
102 33 46
102 42 14
102 46 10
102 69 39
102 72 75
102 85 94
102 88 55
102 98 90
102 101 75
102 105 10
102 118 38
102 122 28
102 124 74
102 125 66
102 131 94
102 135 10
102 136 77
102 179 74
102 183 83
102 188 90
103 2 60
103 9 55
103 18 88
103 24 56
103 25 36
103 30 1
103 35 58
103 36 82
103 43 81
103 53 96
103 54 82
103 55 4
103 67 73
103 99 86
103 100 80
103 115 32
103 118 33
103 122 21
103 132 79
103 159 42
103 170 76
103 173 90
103 184 27
103 189 4
104 5 49
104 27 86
104 71 26
104 72 21
104 94 90
104 95 44
104 98 39
104 9 73
104 106 27
104 114 93
104 134 96
104 147 40
104 148 15
104 155 57
104 157 20
104 163 63
104 167 90
104 179 82
104 183 53
104 190 70
104 192 56
104 193 71
104 194 65
104 199 19
105 3 95
105 14 89
105 24 6
105 25 37
105 45 60
105 56 60
105 62 72
105 70 58
105 76 76
105 80 96
105 86 57
105 95 40
105 102 10
105 121 48
105 124 91
105 158 19
105 164 83
105 168 82
105 171 3
105 173 17
105 180 55
105 187 34
105 194 11
105 196 83
106 2 24
106 16 65
106 27 5
106 32 30
106 38 23
106 54 84
106 65 50
106 68 4
106 96 45
106 100 37
106 104 27
106 112 24
106 121 38
106 164 39
106 165 49
106 167 18
106 172 32
106 177 97
106 184 10
106 185 99
106 188 55
106 193 82
106 194 14
106 199 97
107 5 56
107 8 72
107 37 20
107 38 52
107 73 31
107 79 18
107 80 85
107 85 63
107 88 48
107 92 57
107 94 7
107 99 66
107 101 82
107 110 65
107 111 19
107 121 68
107 123 73
107 149 90
107 157 85
107 170 92
107 172 38
107 187 28
107 193 63
107 198 74
108 5 61
108 17 95
108 20 98
108 26 10
108 33 46
108 43 87
108 44 65
108 49 69
108 63 28
108 86 92
108 89 66
108 101 37
108 114 10
108 115 66
108 117 91
108 136 17
108 148 2
108 169 53
108 179 77
108 181 93
108 184 92
108 190 78
108 191 63
108 193 77
109 4 51
109 9 97
109 12 79
109 16 77
109 19 79
109 23 70
109 34 7
109 36 98
109 40 59
109 46 71
109 59 31
109 62 83
109 69 45
109 92 95
109 96 60
109 99 74
109 130 76
109 131 25
109 148 76
109 152 83
109 156 8
109 183 43
109 192 80
110 4 53
110 14 2
110 17 2
110 28 77
110 40 8
110 44 3
110 61 81
110 62 14
110 63 78
110 69 18
110 74 75
110 99 71
110 107 65
110 111 73
110 114 62
110 118 48
110 122 98
110 123 53
110 131 85
110 164 91
110 195 43
110 196 14
110 197 6
110 199 17
111 0 55
111 17 19
111 19 19
111 25 40
111 44 45
111 49 16
111 81 85
111 86 45
111 88 16
111 107 19
111 110 73
111 125 76
111 149 73
111 153 60
111 158 94
111 160 25
111 163 15
111 165 47
111 170 2
111 176 8
111 185 91
111 190 81
111 191 23
111 199 68
112 1 12
112 3 73
112 17 60
112 29 47
112 33 66
112 34 52
112 43 13
112 64 70
112 81 9
112 94 52
112 95 45
112 106 24
112 116 9
112 139 48
112 141 97
112 152 92
112 156 56
112 159 40
112 164 24
112 172 81
112 176 2
112 177 25
112 184 80
112 189 7
112 192 10
113 0 60
113 9 2
113 16 51
113 20 96
113 27 73
113 43 61
113 48 96
113 55 79
113 59 52
113 73 45
113 80 31
113 84 12
113 88 8
113 94 82
113 123 23
113 137 51
113 145 24
113 156 29
113 160 20
113 176 1
113 180 54
113 183 81
113 185 47
113 192 80
113 197 96
114 3 58
114 10 42
114 41 84
114 50 61
114 51 9
114 52 39
114 55 61
114 61 70
114 69 12
114 89 45
114 104 93
114 108 10
114 110 62
114 115 46
114 150 34
114 151 56
114 153 37
114 162 67
114 166 31
114 167 58
114 172 76
114 175 79
114 190 55
114 193 20
114 195 88
115 3 30
115 4 48
115 21 30
115 28 92
115 29 72
115 58 7
115 61 9
115 63 26
115 69 45
115 85 5
115 103 32
115 108 66
115 114 46
115 9 95
115 116 45
115 126 21
115 131 49
115 136 70
115 146 53
115 150 57
115 158 32
115 175 76
115 190 60
115 192 9
115 195 58
116 0 31
116 1 68
116 3 56
116 6 18
116 35 14
116 48 28
116 50 3
116 68 1
116 87 56
116 89 8
116 91 94
116 112 9
116 115 45
116 9 80
116 118 10
116 121 64
116 124 13
116 128 9
116 131 44
116 141 61
116 143 55
116 145 31
116 182 17
116 184 44
116 186 50
117 0 7
117 2 85
117 4 77
117 24 41
117 31 21
117 43 2
117 47 94
117 53 1
117 69 62
117 74 15
117 76 67
117 77 85
117 90 70
117 96 47
117 108 91
117 119 2
117 121 79
117 132 80
117 152 57
117 160 99
117 170 20
117 172 4
117 177 96
117 198 41
117 199 54
118 2 72
118 6 40
118 22 24
118 31 12
118 49 6
118 73 19
118 78 54
118 79 30
118 81 50
118 85 45
118 90 4
118 98 66
118 102 38
118 103 33
118 110 48
118 116 10
118 130 18
118 131 47
118 166 63
118 170 3
118 177 75
118 185 23
118 187 12
118 188 33
118 189 3
118 193 22
119 5 14
119 39 75
119 40 92
119 48 50
119 49 53
119 55 14
119 59 93
119 64 41
119 67 44
119 69 67
119 73 85
119 82 32
119 93 57
119 95 94
119 117 2
119 122 98
119 123 69
119 125 83
119 128 94
119 140 30
119 154 90
119 163 77
119 180 34
119 191 28
119 192 89
119 197 7
120 1 35
120 16 80
120 20 18
120 29 33
120 33 39
120 67 3
120 75 47
120 77 53
120 95 80
120 96 58
120 101 23
120 9 32
120 121 98
120 124 58
120 131 52
120 138 3
120 139 7
120 140 46
120 148 9
120 149 77
120 150 93
120 165 72
120 177 80
120 180 68
120 187 95
120 190 92
121 1 74
121 2 44
121 35 40
121 36 33
121 40 58
121 59 86
121 71 31
121 74 23
121 79 75
121 88 57
121 99 31
121 100 6
121 101 61
121 105 48
121 106 38
121 107 68
121 116 64
121 117 79
121 120 98
121 133 54
121 151 50
121 155 66
121 157 4
121 164 19
121 181 49
121 196 50
122 1 81
122 33 64
122 37 33
122 53 33
122 57 69
122 70 97
122 72 67
122 73 98
122 74 91
122 75 18
122 77 29
122 83 98
122 101 22
122 102 28
122 103 21
122 110 98
122 119 98
122 132 2
122 136 91
122 140 28
122 141 2
122 143 78
122 152 56
122 162 2
122 182 67
122 184 15
123 3 10
123 4 11
123 5 1
123 11 63
123 16 30
123 20 38
123 38 50
123 46 22
123 53 58
123 60 76
123 93 23
123 101 9
123 107 73
123 110 53
123 113 23
123 119 69
123 124 87
123 134 17
123 146 73
123 157 39
123 161 72
123 172 32
123 176 37
123 186 81
123 198 10
123 199 82
124 0 39
124 28 35
124 33 87
124 34 72
124 36 89
124 38 66
124 61 95
124 66 18
124 74 87
124 76 33
124 82 6
124 83 22
124 86 20
124 90 87
124 102 74
124 105 91
124 116 13
124 120 58
124 123 87
124 125 5
124 138 90
124 143 3
124 167 52
124 170 83
124 181 9
124 188 55
124 197 49
125 3 90
125 13 43
125 16 71
125 37 50
125 55 94
125 58 34
125 67 39
125 80 79
125 83 5
125 85 37
125 89 41
125 102 66
125 111 76
125 119 83
125 124 5
125 126 13
125 143 74
125 150 51
125 158 63
125 164 76
125 169 42
125 170 43
125 171 30
125 177 20
125 187 51
125 189 33
125 197 39
126 5 62
126 25 93
126 36 3
126 46 50
126 48 35
126 55 84
126 56 40
126 60 5
126 67 46
126 68 99
126 69 37
126 84 52
126 115 21
126 125 13
126 143 66
126 146 20
126 152 57
126 156 92
126 169 11
126 171 29
126 175 24
126 176 1
126 181 11
126 182 34
126 183 35
126 187 68
126 194 77
127 13 29
127 25 37
127 66 91
127 67 13
127 74 22
127 76 11
127 82 21
127 88 60
127 154 38
127 174 21
127 179 60
128 8 30
128 22 88
128 52 15
128 68 34
128 85 11
128 86 17
128 87 17
128 116 9
128 119 94
128 185 99
128 193 76
128 197 61
128 199 64
129 9 67
129 20 70
129 29 67
129 30 13
129 37 92
129 53 63
129 62 17
129 88 6
129 101 79
129 152 2
129 159 12
129 160 80
129 176 31
129 182 7
130 25 93
130 32 67
130 52 55
130 58 12
130 84 17
130 97 16
130 109 76
130 118 18
130 139 23
130 142 61
130 146 27
130 149 75
130 158 46
130 178 67
130 187 93
131 12 68
131 23 67
131 31 76
131 49 3
131 57 86
131 82 18
131 102 94
131 109 25
131 110 85
131 115 49
131 116 44
131 118 47
131 120 52
131 166 66
131 197 24
132 33 52
132 43 98
132 49 56
132 70 20
132 81 25
132 86 44
132 92 1
132 96 92
132 103 79
132 117 80
132 122 2
132 173 85
132 175 30
132 186 53
132 197 62
133 8 40
133 17 60
133 19 64
133 44 74
133 48 38
133 79 27
133 83 96
133 121 54
133 134 83
133 138 16
133 145 48
133 160 18
133 179 85
133 183 25
133 195 9
133 197 58
134 37 54
134 56 5
134 71 56
134 84 40
134 97 23
134 104 96
134 123 17
134 133 83
134 154 37
134 176 8
134 179 34
134 183 99
134 190 25
134 191 88
134 193 63
134 195 5
135 46 26
135 58 67
135 66 88
135 70 81
135 74 18
135 77 55
135 81 80
135 92 72
135 102 10
135 142 19
135 147 70
135 153 28
135 158 81
135 188 50
135 192 55
135 198 27
136 41 83
136 67 60
136 68 63
136 102 77
136 108 17
136 115 70
136 122 91
136 138 17
136 139 49
136 141 46
136 144 93
136 161 86
136 167 28
136 169 98
136 181 48
136 194 11
137 18 22
137 33 40
137 44 95
137 45 89
137 61 45
137 63 24
137 64 1
137 66 76
137 69 8
137 74 8
137 94 28
137 113 51
137 156 67
137 162 49
137 164 29
137 168 52
137 197 74
138 26 41
138 27 22
138 56 87
138 64 39
138 68 21
138 71 72
138 83 52
138 98 15
138 120 3
138 124 90
138 133 16
138 136 17
138 156 90
138 172 62
138 173 12
138 185 99
138 190 96
139 23 77
139 37 85
139 43 45
139 56 75
139 57 22
139 59 13
139 64 5
139 73 1
139 88 77
139 112 48
139 120 7
139 130 23
139 136 49
139 147 63
139 158 24
139 180 36
139 196 78
140 13 90
140 19 34
140 55 42
140 57 84
140 73 98
140 76 94
140 119 30
140 120 46
140 122 28
140 146 81
140 152 56
140 159 1
140 161 61
140 168 89
140 173 51
140 188 17
140 193 16
141 30 55
141 45 44
141 69 32
141 73 90
141 77 69
141 80 57
141 96 89
141 101 96
141 112 97
141 116 61
141 122 2
141 136 46
141 142 20
141 145 18
141 156 14
141 162 65
141 168 56
142 17 67
142 21 19
142 40 16
142 50 81
142 57 80
142 70 53
142 77 58
142 78 68
142 82 27
142 93 64
142 130 61
142 135 19
142 141 20
142 154 42
142 159 63
142 166 5
142 186 53
143 19 39
143 23 87
143 30 77
143 44 82
143 45 58
143 50 9
143 56 84
143 60 83
143 62 11
143 97 80
143 116 55
143 122 78
143 124 3
143 125 74
143 126 66
143 164 30
143 184 6
143 187 35
144 12 68
144 24 56
144 29 58
144 42 8
144 43 37
144 78 46
144 87 23
144 136 93
144 146 34
144 153 80
144 168 25
144 169 96
144 176 44
144 177 76
144 181 44
144 185 59
144 194 52
144 195 81
145 6 27
145 13 76
145 14 51
145 21 47
145 50 31
145 56 22
145 59 62
145 75 63
145 91 20
145 98 11
145 100 64
145 113 24
145 116 31
145 133 48
145 141 18
145 150 38
145 155 33
145 188 89
146 12 44
146 32 2
146 56 59
146 70 74
146 73 27
146 76 48
146 81 80
146 98 73
146 115 53
146 123 73
146 126 20
146 130 27
146 140 81
146 144 34
146 149 91
146 185 95
146 192 78
146 193 42
147 6 44
147 19 24
147 47 54
147 54 25
147 59 24
147 62 71
147 65 58
147 71 93
147 104 40
147 135 70
147 139 63
147 153 64
147 167 46
147 171 14
147 186 82
147 188 61
147 189 79
147 198 38
148 13 12
148 25 89
148 47 14
148 54 20
148 58 75
148 96 17
148 104 15
148 108 2
148 109 76
148 120 9
148 156 55
148 160 94
148 167 95
148 177 9
148 180 77
148 187 1
148 189 44
148 192 11
149 43 83
149 54 30
149 79 87
149 80 44
149 99 90
149 107 90
149 111 73
149 120 77
149 130 75
149 146 91
149 150 34
149 174 21
149 175 60
149 177 30
149 184 98
149 185 56
149 189 42
149 191 50
150 14 57
150 15 5
150 24 34
150 29 38
150 33 99
150 53 23
150 63 75
150 67 74
150 73 29
150 94 9
150 114 34
150 115 57
150 120 93
150 125 51
150 145 38
150 149 34
150 157 89
150 161 32
150 199 84
151 6 60
151 14 70
151 35 56
151 36 57
151 58 17
151 60 95
151 75 19
151 79 23
151 80 17
151 97 86
151 100 80
151 114 56
151 121 50
151 167 78
151 174 23
151 176 31
151 195 8
151 197 65
151 198 95
152 61 64
152 79 29
152 85 93
152 88 29
152 91 39
152 109 83
152 112 92
152 117 57
152 122 56
152 126 57
152 129 2
152 140 56
152 156 55
152 161 31
152 165 29
152 169 68
152 184 10
152 185 67
152 198 23
153 31 59
153 32 59
153 41 84
153 56 9
153 72 8
153 75 3
153 79 22
153 86 51
153 90 25
153 96 44
153 111 60
153 114 37
153 135 28
153 144 80
153 147 64
153 157 4
153 183 15
153 185 84
153 189 81
154 17 2
154 25 12
154 40 25
154 46 71
154 53 27
154 58 6
154 77 82
154 83 63
154 85 41
154 101 81
154 119 90
154 127 38
154 134 37
154 142 42
154 165 68
154 168 80
154 174 45
154 175 2
154 198 2
155 9 94
155 16 69
155 27 42
155 41 12
155 43 57
155 45 34
155 59 35
155 66 78
155 70 32
155 72 74
155 104 57
155 121 66
155 145 33
155 166 5
155 167 85
155 170 13
155 191 27
155 193 2
155 196 3
156 13 80
156 34 1
156 42 15
156 44 40
156 52 49
156 67 47
156 88 2
156 98 60
156 100 98
156 109 8
156 112 56
156 113 29
156 126 92
156 137 67
156 138 90
156 141 14
156 148 55
156 152 55
156 161 59
156 176 86
157 15 13
157 18 82
157 37 4
157 45 33
157 48 21
157 90 52
157 92 75
157 93 35
157 104 20
157 107 85
157 121 4
157 123 39
157 150 89
157 153 4
157 173 81
157 179 82
157 192 69
157 196 42
157 197 99
157 199 64
158 11 33
158 21 46
158 23 5
158 28 75
158 30 94
158 57 6
158 70 87
158 84 92
158 87 53
158 95 16
158 97 67
158 105 19
158 111 94
158 115 32
158 125 63
158 130 46
158 135 81
158 139 24
158 162 97
158 195 30
159 13 1
159 29 92
159 36 43
159 42 21
159 65 69
159 92 50
159 98 23
159 103 42
159 112 40
159 129 12
159 140 1
159 142 63
159 162 93
159 167 17
159 169 40
159 178 13
159 192 40
159 193 96
159 198 80
159 199 77
160 7 23
160 15 6
160 32 62
160 42 18
160 71 76
160 76 86
160 81 53
160 91 69
160 111 25
160 113 20
160 117 99
160 129 80
160 133 18
160 148 94
160 171 30
160 174 48
160 180 57
160 181 75
160 188 3
160 191 59
161 36 38
161 40 55
161 55 68
161 84 10
161 89 98
161 90 56
161 95 18
161 123 72
161 136 86
161 140 61
161 150 32
161 152 31
161 156 59
161 173 32
161 175 88
161 176 59
161 178 45
161 180 67
161 184 62
161 195 48
162 11 31
162 27 66
162 31 5
162 40 57
162 44 55
162 52 46
162 75 13
162 76 38
162 82 17
162 83 34
162 114 67
162 122 2
162 137 49
162 141 65
162 158 97
162 159 93
162 163 26
162 178 82
162 183 60
162 186 70
163 22 78
163 39 88
163 55 79
163 67 56
163 75 72
163 78 87
163 83 13
163 85 26
163 86 60
163 89 15
163 91 57
163 104 63
163 111 15
163 119 77
163 162 26
163 168 76
163 181 59
163 187 86
163 192 25
163 193 89
163 195 32
164 7 94
164 18 20
164 43 12
164 51 62
164 66 10
164 77 72
164 78 32
164 94 69
164 105 83
164 106 39
164 110 91
164 112 24
164 121 19
164 125 76
164 137 29
164 143 30
164 169 42
164 175 81
164 179 45
164 188 34
164 198 29
165 11 45
165 37 25
165 43 56
165 49 96
165 52 86
165 67 98
165 81 59
165 82 3
165 91 87
165 93 27
165 94 87
165 96 71
165 106 49
165 111 47
165 120 72
165 152 29
165 154 68
165 175 77
165 176 11
165 191 59
165 198 25
166 28 54
166 29 32
166 35 33
166 39 84
166 65 28
166 73 46
166 79 4
166 80 81
166 83 65
166 89 28
166 93 72
166 99 95
166 100 30
166 114 31
166 118 63
166 131 66
166 142 5
166 155 5
166 177 69
166 180 34
166 182 28
167 27 15
167 51 37
167 75 2
167 95 37
167 96 46
167 99 63
167 104 90
167 106 18
167 114 58
167 124 52
167 136 28
167 147 46
167 148 95
167 151 78
167 155 85
167 159 17
167 172 28
167 175 18
167 180 68
167 184 40
167 194 16
168 38 42
168 57 26
168 58 50
168 62 52
168 63 43
168 67 23
168 69 97
168 75 3
168 98 20
168 105 82
168 137 52
168 140 89
168 141 56
168 144 25
168 154 80
168 163 76
168 170 35
168 177 54
168 185 64
168 186 13
168 198 54
169 13 76
169 15 95
169 39 25
169 42 63
169 79 66
169 84 73
169 108 53
169 125 42
169 126 11
169 136 98
169 144 96
169 152 68
169 159 40
169 164 42
169 170 98
169 173 73
169 174 76
169 183 26
169 184 84
169 186 15
169 198 51
170 59 98
170 65 34
170 66 70
170 103 76
170 107 92
170 111 2
170 117 20
170 118 3
170 124 83
170 125 43
170 155 13
170 168 35
170 169 98
170 172 73
170 177 47
170 178 93
170 179 6
170 183 44
170 184 80
170 189 36
170 190 21
171 44 97
171 49 83
171 65 44
171 67 52
171 68 66
171 74 41
171 81 19
171 84 98
171 87 6
171 89 96
171 93 21
171 94 58
171 96 54
171 100 47
171 105 3
171 125 30
171 126 29
171 147 14
171 160 30
171 194 91
171 199 47
172 13 13
172 25 76
172 31 9
172 35 79
172 40 48
172 41 23
172 56 42
172 77 12
172 106 32
172 107 38
172 112 81
172 114 76
172 117 4
172 123 32
172 138 62
172 167 28
172 170 73
172 182 98
172 183 60
172 196 34
172 199 79
173 21 53
173 27 79
173 34 35
173 44 62
173 51 17
173 65 71
173 103 90
173 105 17
173 132 85
173 138 12
173 140 51
173 157 81
173 161 32
173 169 73
173 176 41
173 180 52
173 182 47
173 184 81
173 185 68
173 191 35
173 192 87
173 197 85
174 11 38
174 18 5
174 24 65
174 26 54
174 38 98
174 45 93
174 48 9
174 52 46
174 53 73
174 58 53
174 60 12
174 85 27
174 95 92
174 99 76
174 127 21
174 149 21
174 151 23
174 154 45
174 160 48
174 169 76
174 177 48
174 188 93
175 8 80
175 33 9
175 44 73
175 57 37
175 63 90
175 66 32
175 69 34
175 72 93
175 75 99
175 114 79
175 115 76
175 126 24
175 132 30
175 149 60
175 154 2
175 161 88
175 164 81
175 165 77
175 167 18
175 186 35
175 187 74
175 188 22
176 34 91
176 43 47
176 60 69
176 73 51
176 96 41
176 100 9
176 111 8
176 112 2
176 113 1
176 123 37
176 126 1
176 129 31
176 134 8
176 144 44
176 151 31
176 156 86
176 161 59
176 165 11
176 173 41
176 185 62
176 192 58
176 199 37
177 24 96
177 29 33
177 48 40
177 61 66
177 63 91
177 87 86
177 100 55
177 106 97
177 112 25
177 117 96
177 118 75
177 120 80
177 125 20
177 144 76
177 148 9
177 149 30
177 166 69
177 168 54
177 170 47
177 174 48
177 186 13
177 194 84
178 18 5
178 25 5
178 47 79
178 56 41
178 73 22
178 77 38
178 81 76
178 82 10
178 85 55
178 90 34
178 96 33
178 98 71
178 130 67
178 159 13
178 161 45
178 162 82
178 170 93
178 179 36
178 182 59
178 189 90
178 196 32
178 198 39
178 199 78
179 12 99
179 31 92
179 48 47
179 52 19
179 63 61
179 76 87
179 84 31
179 88 81
179 95 82
179 102 74
179 104 82
179 108 77
179 127 60
179 133 85
179 134 34
179 157 82
179 164 45
179 170 6
179 178 36
179 180 5
179 183 30
179 184 78
179 199 3
180 11 54
180 15 41
180 22 72
180 23 47
180 26 16
180 28 76
180 34 55
180 45 44
180 88 89
180 92 87
180 98 16
180 105 55
180 113 54
180 119 34
180 120 68
180 139 36
180 148 77
180 160 57
180 161 67
180 166 34
180 167 68
180 173 52
180 179 5
181 13 32
181 15 18
181 36 48
181 42 80
181 51 58
181 55 41
181 58 80
181 60 7
181 64 25
181 87 46
181 98 61
181 108 93
181 121 49
181 124 9
181 126 11
181 136 48
181 144 44
181 160 75
181 163 59
181 184 43
181 187 12
181 189 82
181 196 36
182 8 43
182 12 47
182 26 82
182 49 2
182 61 25
182 68 13
182 71 61
182 72 40
182 73 74
182 84 91
182 87 48
182 89 15
182 97 21
182 99 14
182 116 17
182 122 67
182 126 34
182 129 7
182 166 28
182 172 98
182 173 47
182 178 59
182 193 64
183 23 44
183 24 13
183 28 29
183 33 1
183 35 20
183 37 30
183 64 92
183 82 96
183 83 59
183 100 59
183 102 83
183 104 53
183 109 43
183 113 81
183 126 35
183 133 25
183 134 99
183 153 15
183 162 60
183 169 26
183 170 44
183 172 60
183 179 30
183 194 82
184 14 95
184 16 32
184 23 75
184 29 58
184 65 76
184 87 64
184 103 27
184 106 10
184 108 92
184 112 80
184 116 44
184 122 15
184 143 6
184 149 98
184 152 10
184 161 62
184 167 40
184 169 84
184 170 80
184 173 81
184 179 78
184 181 43
184 190 69
184 192 85
185 12 60
185 36 98
185 40 7
185 41 21
185 57 19
185 62 59
185 74 26
185 83 93
185 98 88
185 106 99
185 111 91
185 113 47
185 118 23
185 128 99
185 138 99
185 144 59
185 146 95
185 149 56
185 152 67
185 153 84
185 168 64
185 173 68
185 176 62
185 188 17
186 35 20
186 50 31
186 51 20
186 58 62
186 69 31
186 70 37
186 77 23
186 80 92
186 84 77
186 86 21
186 87 26
186 94 23
186 116 50
186 123 81
186 132 53
186 142 53
186 147 82
186 162 70
186 168 13
186 169 15
186 175 35
186 177 13
186 190 56
186 194 22
187 8 6
187 35 83
187 39 32
187 50 45
187 60 31
187 71 53
187 74 34
187 88 75
187 99 36
187 105 34
187 107 28
187 118 12
187 120 95
187 125 51
187 126 68
187 130 93
187 143 35
187 148 1
187 163 86
187 175 74
187 181 12
187 191 17
187 197 49
187 198 57
188 7 99
188 30 26
188 49 2
188 53 95
188 54 44
188 61 96
188 85 43
188 97 31
188 102 90
188 106 55
188 118 33
188 124 55
188 135 50
188 140 17
188 145 89
188 147 61
188 160 3
188 164 34
188 174 93
188 175 22
188 185 17
188 191 91
188 197 71
188 198 71
189 20 58
189 28 70
189 39 90
189 45 46
189 49 97
189 56 5
189 78 92
189 81 88
189 84 1
189 87 55
189 94 90
189 103 4
189 112 7
189 118 3
189 125 33
189 147 79
189 148 44
189 149 42
189 153 81
189 170 36
189 178 90
189 181 82
189 191 50
189 193 60
190 12 15
190 15 75
190 35 12
190 44 13
190 50 21
190 51 19
190 61 19
190 62 35
190 66 49
190 73 64
190 78 88
190 80 9
190 82 13
190 104 70
190 108 78
190 111 81
190 114 55
190 115 60
190 120 92
190 134 25
190 138 96
190 170 21
190 184 69
190 186 56
191 23 83
191 26 62
191 28 59
191 34 94
191 35 19
191 41 37
191 45 1
191 47 99
191 70 53
191 82 6
191 89 44
191 90 61
191 108 63
191 111 23
191 119 28
191 134 88
191 149 50
191 155 27
191 160 59
191 165 59
191 173 35
191 187 17
191 188 91
191 189 50
192 26 50
192 53 47
192 59 4
192 65 96
192 70 6
192 76 8
192 83 97
192 90 68
192 104 56
192 109 80
192 112 10
192 113 80
192 115 9
192 119 89
192 135 55
192 146 78
192 148 11
192 157 69
192 159 40
192 163 25
192 173 87
192 176 58
192 184 85
192 195 85
192 198 34
193 8 81
193 21 38
193 22 58
193 40 59
193 41 56
193 54 62
193 60 44
193 68 48
193 92 19
193 104 71
193 106 82
193 107 63
193 108 77
193 114 20
193 118 22
193 128 76
193 134 63
193 140 16
193 146 42
193 155 2
193 159 96
193 163 89
193 182 64
193 189 60
193 194 96
194 23 15
194 31 15
194 32 28
194 37 70
194 52 90
194 56 5
194 66 75
194 70 2
194 71 8
194 81 93
194 84 46
194 97 13
194 104 65
194 105 11
194 106 14
194 126 77
194 136 11
194 144 52
194 167 16
194 171 91
194 177 84
194 183 82
194 186 22
194 193 96
194 197 96
195 22 16
195 24 37
195 30 88
195 42 77
195 45 43
195 50 4
195 51 13
195 52 52
195 61 70
195 76 56
195 79 27
195 85 39
195 95 24
195 97 1
195 110 43
195 114 88
195 115 58
195 133 9
195 134 5
195 144 81
195 151 8
195 158 30
195 161 48
195 163 32
195 192 85
196 10 59
196 18 89
196 23 22
196 35 44
196 40 66
196 42 82
196 50 6
196 61 34
196 64 64
196 66 57
196 71 10
196 75 31
196 88 85
196 95 19
196 100 32
196 105 83
196 110 14
196 121 50
196 139 78
196 155 3
196 157 42
196 172 34
196 178 32
196 181 36
196 199 76
197 13 73
197 28 44
197 32 47
197 36 84
197 47 58
197 74 35
197 79 85
197 93 89
197 94 16
197 99 59
197 110 6
197 113 96
197 119 7
197 124 49
197 125 39
197 128 61
197 131 24
197 132 62
197 133 58
197 137 74
197 151 65
197 157 99
197 173 85
197 187 49
197 188 71
197 194 96
198 19 94
198 38 64
198 64 60
198 66 93
198 76 95
198 84 88
198 86 4
198 87 7
198 90 92
198 93 40
198 107 74
198 117 41
198 123 10
198 135 27
198 147 38
198 151 95
198 152 23
198 154 2
198 159 80
198 164 29
198 165 25
198 168 54
198 169 51
198 178 39
198 187 57
198 188 71
198 192 34
198 199 28
199 11 85
199 16 74
199 20 75
199 24 6
199 26 47
199 49 81
199 53 86
199 54 34
199 71 87
199 77 96
199 91 6
199 97 47
199 104 19
199 106 97
199 110 17
199 111 68
199 117 54
199 123 82
199 128 64
199 150 84
199 157 64
199 159 77
199 171 47
199 172 79
199 176 37
199 178 78
199 179 3
199 196 76
199 198 28
