ER Model
Parameters:
- p:0.1

 Size : 200
 Size of core : 7
 % of P2P links : 0.36
 % of nodes in level 1 : 3
 % of nodes in level 2 : 12
 % of nodes in level 3 : 48.5
 % of nodes in level 4 : 36.5
 % of nodes in level 5 : 0
 Degree of level 1 : 27.33
 Degree of level 2 : 24.29
 Degree of level 3 : 18.87
 Degree of level 4 : 20.38
 Degree of level 5 : 0

1 (1)  [2, 6, 10, 10, 17, 18, 23, 27, 28, 29, 34, 41, 48, 49, 55, 60, 69, 78, 84, 101, 103, 112, 114, 117, 118, 125]
2 (1)  [1, 4, 11, 13, 14, 15, 20, 22, 24, 45, 51, 65, 66, 70, 71, 77, 80, 86, 87, 91, 101, 113, 117, 121, 122, 123]
3 (1)  [5, 7, 10, 11, 19, 26, 30, 31, 35, 38, 40, 47, 54, 56, 68, 71, 72, 79, 85, 95, 102, 103, 104, 107, 118, 119, 122]
4 (1)  [2, 6, 10, 12, 16, 28, 37, 40, 50, 58, 59, 60, 61, 62, 65, 80, 81, 93, 98, 99, 102, 106, 113, 115, 116, 117, 124, 126]
5 (1)  [3, 6, 8, 12, 16, 20, 21, 27, 32, 36, 39, 40, 44, 46, 53, 57, 59, 61, 67, 76, 85, 86, 88, 110, 111, 116, 118, 124]
6 (1)  [1, 4, 5, 9, 12, 39, 47, 48, 52, 58, 63, 66, 68, 73, 74, 75, 83, 87, 89, 90, 94, 99, 102, 105, 108, 109, 120, 124, 127]
7 (3)  [3, 44, 50, 61, 91, 117, 119, 146, 148, 152]
8 (3)  [5, 36, 67, 74, 87, 90, 94, 97, 161, 165, 189]
9 (3)  [6, 42, 55, 71, 95, 108, 129, 134, 176, 183, 188, 194]
10 (3)  [1, 18, 21, 38, 67, 84, 96, 104, 110, 114, 130, 156]
11 (3)  [2, 3, 15, 33, 41, 44, 55, 57, 88, 92, 99, 115, 197]
12 (3)  [4, 5, 6, 36, 71, 73, 94, 102, 124, 159, 163, 166, 175, 181, 200]
13 (3)  [2, 35, 65, 72, 83, 86, 90, 110, 132, 145, 147, 180, 183, 186, 191]
14 (3)  [2, 10, 73, 87, 126, 128, 141, 146, 149, 157, 160, 170, 173, 182, 198]
15 (3)  [2, 10, 11, 42, 52, 54, 56, 63, 70, 106, 111, 146, 151, 152, 185]
16 (3)  [4, 5, 25, 26, 31, 49, 56, 92, 151, 158, 161, 170, 181, 182, 191]
17 (3)  [1, 76, 81, 91, 93, 97, 102, 107, 110, 114, 121, 124, 126, 156, 185, 200]
18 (3)  [1, 10, 28, 30, 51, 62, 75, 81, 94, 109, 111, 112, 113, 134, 143, 155]
19 (3)  [3, 35, 44, 66, 75, 76, 79, 90, 91, 104, 138, 158, 165, 175, 179, 197]
20 (3)  [2, 5, 22, 27, 40, 59, 82, 87, 100, 110, 112, 134, 141, 144, 148, 199]
21 (3)  [5, 10, 23, 24, 34, 42, 49, 76, 92, 109, 114, 121, 124, 130, 190, 200]
22 (3)  [2, 20, 23, 47, 60, 63, 78, 79, 96, 101, 116, 143, 146, 159, 174, 194]
23 (3)  [1, 21, 22, 27, 62, 77, 88, 92, 98, 102, 119, 129, 164, 181, 194, 196]
24 (3)  [2, 21, 27, 32, 54, 110, 132, 140, 144, 159, 181, 184, 185, 192, 195, 197]
25 (3)  [10, 16, 29, 72, 76, 102, 104, 106, 118, 145, 151, 175, 178, 184, 196, 200]
26 (3)  [3, 16, 38, 53, 67, 89, 103, 104, 106, 112, 127, 128, 131, 149, 155, 173, 179]
27 (3)  [1, 5, 20, 23, 24, 42, 43, 61, 91, 109, 139, 175, 181, 183, 192, 193, 200]
28 (3)  [1, 4, 10, 18, 30, 47, 54, 65, 66, 105, 107, 114, 139, 156, 163, 168, 174]
29 (3)  [1, 25, 59, 61, 74, 84, 85, 111, 116, 125, 159, 167, 181, 184, 190, 192, 198]
30 (3)  [3, 18, 28, 34, 69, 77, 83, 113, 116, 121, 130, 145, 151, 160, 167, 178, 185]
31 (3)  [3, 16, 37, 46, 57, 82, 86, 93, 94, 96, 104, 130, 142, 144, 159, 189, 196]
32 (3)  [5, 24, 34, 73, 83, 85, 92, 93, 100, 118, 119, 132, 154, 163, 173, 180, 195]
33 (3)  [10, 11, 44, 49, 58, 70, 80, 90, 100, 103, 107, 131, 147, 154, 161, 195, 198]
34 (3)  [1, 21, 30, 32, 93, 101, 103, 109, 113, 121, 123, 125, 133, 138, 151, 176, 184]
35 (3)  [3, 13, 19, 56, 59, 64, 65, 69, 78, 110, 113, 125, 157, 174, 177, 181, 192]
36 (3)  [5, 8, 10, 12, 51, 70, 104, 117, 122, 152, 167, 173, 184, 187, 188, 191, 192, 197]
37 (3)  [4, 31, 39, 40, 81, 86, 95, 104, 110, 122, 125, 127, 152, 160, 162, 182, 186, 198]
38 (3)  [3, 10, 26, 39, 40, 45, 61, 87, 108, 123, 126, 130, 135, 140, 158, 166, 184, 195]
39 (3)  [5, 6, 37, 38, 43, 63, 73, 76, 77, 92, 99, 107, 108, 124, 125, 169, 175, 199]
40 (3)  [3, 4, 5, 20, 37, 38, 45, 47, 50, 63, 89, 94, 120, 164, 167, 170, 188, 190]
41 (3)  [1, 11, 58, 72, 79, 83, 110, 111, 120, 122, 143, 155, 162, 163, 173, 186, 194, 197]
42 (3)  [9, 10, 15, 21, 27, 67, 77, 79, 82, 99, 115, 137, 154, 156, 173, 186, 192, 194]
43 (3)  [10, 27, 39, 52, 61, 76, 84, 95, 97, 103, 145, 157, 160, 161, 170, 182, 196, 197]
44 (3)  [5, 7, 11, 19, 33, 104, 109, 113, 114, 118, 133, 140, 145, 150, 156, 165, 166, 177]
45 (3)  [2, 38, 40, 47, 59, 98, 109, 111, 112, 134, 138, 144, 157, 163, 172, 174, 176, 191]
46 (3)  [5, 31, 55, 60, 64, 75, 80, 106, 138, 142, 144, 156, 158, 175, 181, 190, 192, 196]
47 (3)  [3, 6, 22, 28, 40, 45, 53, 59, 63, 79, 82, 99, 103, 110, 124, 127, 136, 155]
48 (3)  [1, 6, 51, 56, 62, 68, 80, 90, 91, 92, 94, 98, 118, 148, 149, 179, 192, 198]
49 (3)  [1, 16, 21, 33, 61, 69, 79, 81, 99, 114, 117, 120, 127, 134, 158, 175, 178, 180]
50 (3)  [4, 7, 40, 52, 58, 78, 109, 112, 119, 120, 132, 133, 166, 172, 183, 189, 190, 200]
51 (3)  [2, 10, 18, 36, 48, 61, 78, 97, 115, 117, 143, 144, 146, 187, 188, 191, 196, 197]
52 (3)  [6, 15, 43, 50, 68, 79, 84, 87, 89, 91, 96, 115, 165, 168, 174, 182, 187, 191, 196]
53 (3)  [5, 26, 47, 80, 88, 89, 92, 95, 102, 115, 129, 131, 157, 163, 166, 175, 180, 195, 196]
54 (3)  [3, 15, 24, 28, 64, 73, 96, 98, 104, 118, 123, 124, 130, 151, 155, 175, 189, 193, 200]
55 (3)  [1, 9, 11, 46, 59, 63, 75, 78, 83, 87, 91, 104, 107, 148, 149, 150, 189, 194, 200]
56 (3)  [3, 15, 16, 35, 48, 71, 74, 93, 96, 104, 114, 115, 120, 126, 127, 141, 162, 164, 182]
57 (3)  [5, 11, 31, 69, 95, 97, 106, 127, 135, 139, 140, 144, 146, 147, 154, 173, 179, 190, 195]
58 (3)  [4, 6, 33, 41, 50, 76, 79, 92, 95, 98, 123, 132, 140, 141, 143, 159, 169, 176, 186]
59 (3)  [4, 5, 20, 29, 35, 45, 47, 55, 116, 126, 131, 136, 149, 152, 155, 169, 175, 182, 187]
60 (3)  [1, 4, 22, 46, 69, 82, 90, 99, 100, 110, 114, 120, 122, 140, 146, 148, 156, 171, 193]
61 (3)  [4, 5, 7, 27, 29, 38, 43, 49, 51, 69, 124, 127, 144, 152, 175, 177, 182, 188, 194]
62 (3)  [4, 18, 23, 48, 79, 91, 94, 111, 115, 116, 125, 138, 153, 178, 183, 189, 191, 196, 197]
63 (3)  [6, 15, 22, 39, 40, 47, 55, 94, 97, 101, 106, 110, 111, 130, 144, 148, 169, 186, 191]
64 (3)  [10, 35, 46, 54, 69, 72, 90, 93, 94, 100, 109, 111, 116, 138, 151, 169, 176, 178, 180]
65 (3)  [2, 4, 13, 28, 35, 70, 80, 83, 92, 100, 113, 120, 138, 139, 140, 182, 184, 197, 199]
66 (3)  [2, 6, 10, 19, 28, 79, 81, 86, 100, 101, 107, 148, 160, 167, 171, 172, 174, 185, 193]
67 (3)  [5, 8, 10, 10, 26, 42, 85, 93, 125, 128, 136, 138, 156, 165, 171, 176, 191, 195, 197, 199]
68 (3)  [3, 6, 48, 52, 73, 80, 99, 104, 120, 121, 126, 127, 128, 137, 151, 157, 164, 166, 169, 172]
69 (3)  [1, 30, 35, 49, 57, 60, 61, 64, 73, 83, 85, 107, 117, 127, 129, 137, 139, 172, 183, 194]
70 (3)  [2, 15, 33, 36, 65, 81, 90, 103, 110, 111, 115, 116, 118, 120, 127, 138, 142, 169, 176, 187]
71 (3)  [2, 3, 9, 10, 12, 56, 73, 81, 106, 123, 133, 136, 143, 147, 156, 159, 187, 192, 193, 195]
72 (3)  [3, 10, 13, 25, 41, 64, 75, 81, 83, 105, 122, 135, 139, 148, 161, 183, 188, 195, 197, 200]
73 (3)  [6, 12, 14, 32, 39, 54, 68, 69, 71, 80, 83, 84, 91, 103, 105, 123, 154, 156, 176, 183]
74 (3)  [6, 8, 29, 56, 81, 108, 114, 119, 120, 123, 140, 141, 142, 147, 151, 167, 177, 179, 183, 191]
75 (3)  [6, 18, 19, 46, 55, 72, 93, 100, 111, 118, 122, 123, 125, 128, 136, 138, 172, 186, 188, 198]
76 (3)  [5, 17, 19, 21, 25, 39, 43, 58, 102, 121, 123, 146, 152, 154, 163, 164, 168, 169, 176, 197]
77 (3)  [2, 10, 23, 30, 39, 42, 84, 93, 106, 118, 125, 128, 141, 147, 161, 163, 180, 193, 196, 199]
78 (3)  [1, 22, 35, 50, 51, 55, 79, 97, 98, 118, 121, 123, 136, 142, 143, 155, 165, 173, 179, 187, 200]
79 (3)  [3, 19, 22, 41, 42, 47, 49, 52, 58, 62, 66, 78, 92, 98, 119, 143, 145, 164, 165, 190, 191]
80 (3)  [2, 4, 33, 46, 48, 53, 65, 68, 73, 108, 119, 122, 134, 150, 152, 153, 154, 167, 170, 196, 198]
81 (3)  [4, 17, 18, 37, 49, 66, 70, 71, 72, 74, 88, 106, 108, 114, 126, 142, 150, 152, 167, 187, 191]
82 (3)  [10, 20, 31, 42, 47, 60, 85, 96, 97, 112, 113, 119, 133, 136, 147, 161, 166, 172, 179, 190, 195]
83 (3)  [6, 13, 30, 32, 41, 55, 65, 69, 72, 73, 120, 125, 128, 132, 143, 163, 166, 179, 184, 191, 192]
84 (3)  [1, 10, 29, 43, 52, 73, 77, 88, 91, 123, 125, 126, 134, 139, 155, 163, 164, 167, 184, 186, 193]
85 (3)  [3, 5, 29, 32, 67, 69, 82, 114, 127, 131, 135, 159, 162, 170, 172, 180, 183, 187, 190, 195, 199]
86 (3)  [2, 5, 10, 13, 31, 37, 66, 89, 103, 108, 116, 119, 126, 129, 153, 155, 164, 175, 179, 189, 196]
87 (3)  [2, 6, 8, 14, 20, 38, 52, 55, 94, 97, 102, 106, 109, 112, 125, 129, 133, 154, 164, 187, 199]
88 (2)  [5, 11, 23, 53, 81, 84, 89, 93, 95, 101, 117, 129, 145, 159, 172, 178, 182, 183, 185, 187, 190, 199]
89 (2)  [6, 26, 40, 52, 53, 86, 88, 92, 103, 108, 112, 114, 122, 128, 130, 140, 153, 157, 180, 181, 188, 197]
90 (3)  [6, 8, 13, 19, 33, 48, 60, 64, 70, 96, 98, 102, 109, 115, 117, 126, 162, 164, 167, 172, 183, 192]
91 (3)  [2, 7, 17, 19, 27, 48, 52, 55, 62, 73, 84, 92, 118, 119, 125, 154, 158, 162, 179, 192, 193, 199]
92 (2)  [10, 11, 16, 21, 23, 32, 39, 48, 53, 58, 65, 79, 89, 91, 102, 117, 146, 153, 161, 164, 166, 200]
93 (3)  [4, 17, 31, 32, 34, 56, 64, 67, 75, 77, 88, 94, 98, 101, 108, 110, 133, 136, 158, 160, 181, 194]
94 (2)  [6, 8, 12, 18, 31, 40, 48, 62, 63, 64, 87, 93, 101, 120, 124, 143, 158, 166, 167, 172, 198, 199]
95 (3)  [3, 9, 37, 43, 53, 57, 58, 88, 98, 101, 105, 108, 113, 114, 138, 151, 165, 166, 172, 187, 190, 198]
96 (3)  [10, 10, 22, 31, 52, 54, 56, 82, 90, 98, 105, 106, 113, 120, 121, 159, 162, 168, 175, 180, 196, 197]
97 (3)  [8, 10, 17, 43, 51, 57, 63, 78, 82, 87, 107, 110, 118, 121, 133, 142, 149, 154, 166, 168, 172, 177, 179]
98 (3)  [4, 23, 45, 48, 54, 58, 78, 79, 90, 93, 95, 96, 102, 131, 135, 144, 152, 159, 183, 189, 195, 196, 200]
99 (2)  [4, 6, 11, 39, 42, 47, 49, 60, 68, 100, 103, 105, 119, 139, 146, 147, 157, 160, 169, 179, 181, 182, 186]
100 (2)  [10, 20, 32, 33, 60, 64, 65, 66, 75, 99, 101, 104, 108, 110, 111, 122, 150, 167, 168, 175, 183, 188, 198]
101 (3)  [1, 2, 22, 34, 63, 66, 88, 93, 94, 95, 100, 104, 107, 122, 146, 152, 157, 167, 172, 177, 178, 184, 197]
102 (2)  [3, 4, 6, 12, 17, 23, 25, 53, 76, 87, 90, 92, 98, 103, 108, 109, 121, 122, 123, 124, 130, 142, 155]
103 (2)  [1, 3, 26, 33, 34, 43, 47, 70, 73, 86, 89, 99, 102, 106, 119, 123, 125, 126, 132, 136, 137, 180, 184, 189]
104 (2)  [3, 10, 19, 25, 26, 31, 36, 37, 44, 54, 55, 56, 68, 100, 101, 116, 119, 123, 133, 160, 171, 174, 185, 190]
105 (2)  [6, 10, 28, 72, 73, 95, 96, 99, 107, 115, 135, 148, 149, 156, 158, 164, 168, 180, 184, 191, 193, 194, 195, 200]
106 (2)  [4, 15, 25, 26, 46, 57, 63, 71, 77, 81, 87, 96, 103, 122, 125, 159, 165, 169, 172, 174, 181, 188, 195, 197]
107 (3)  [3, 17, 28, 33, 39, 55, 66, 69, 97, 101, 105, 113, 122, 165, 166, 168, 173, 178, 185, 186, 189, 194, 195, 200]
108 (2)  [6, 9, 38, 39, 74, 80, 81, 86, 89, 93, 95, 100, 102, 111, 112, 122, 124, 150, 158, 171, 173, 188, 194, 199]
109 (2)  [6, 18, 21, 27, 34, 44, 45, 50, 64, 87, 90, 102, 115, 116, 118, 137, 149, 170, 180, 182, 185, 191, 192, 194]
110 (2)  [5, 10, 10, 13, 17, 20, 24, 35, 37, 41, 47, 60, 63, 70, 93, 97, 100, 131, 132, 149, 153, 157, 184, 193]
111 (3)  [5, 15, 18, 29, 41, 45, 62, 63, 64, 70, 75, 100, 108, 112, 115, 119, 123, 124, 132, 165, 196, 197, 198, 200]
112 (3)  [1, 18, 20, 26, 45, 50, 82, 87, 89, 108, 111, 126, 150, 154, 159, 161, 164, 166, 171, 177, 186, 191, 192, 200]
113 (3)  [2, 4, 18, 30, 34, 35, 44, 65, 82, 95, 96, 107, 117, 140, 142, 153, 157, 160, 165, 173, 177, 178, 185, 190, 193]
114 (2)  [1, 10, 17, 21, 28, 44, 49, 56, 60, 74, 81, 85, 89, 95, 124, 138, 146, 157, 161, 177, 181, 184, 186, 193, 198]
115 (2)  [4, 11, 42, 51, 52, 53, 56, 62, 70, 90, 105, 109, 111, 116, 151, 152, 154, 163, 167, 168, 173, 176, 191, 194, 196]
116 (2)  [4, 5, 10, 22, 29, 30, 59, 62, 64, 70, 86, 104, 109, 115, 117, 127, 132, 137, 147, 151, 159, 176, 191, 193, 196]
117 (2)  [1, 2, 4, 7, 10, 36, 49, 51, 69, 88, 90, 92, 113, 116, 119, 122, 125, 129, 132, 142, 144, 146, 183, 185, 187]
118 (3)  [1, 3, 5, 25, 32, 44, 48, 54, 70, 75, 77, 78, 91, 97, 109, 120, 122, 133, 153, 161, 171, 173, 178, 199, 200]
119 (2)  [3, 7, 23, 32, 50, 74, 79, 80, 82, 86, 91, 99, 103, 104, 111, 117, 131, 132, 167, 171, 178, 186, 188, 189, 190, 194]
120 (3)  [6, 40, 41, 49, 50, 56, 60, 65, 68, 70, 74, 83, 94, 96, 118, 123, 124, 126, 129, 141, 155, 164, 181, 192, 193, 198]
121 (3)  [2, 10, 17, 21, 30, 34, 68, 76, 78, 96, 97, 102, 122, 125, 132, 139, 140, 141, 149, 150, 151, 166, 178, 181, 188, 191]
122 (2)  [2, 3, 36, 37, 41, 60, 72, 75, 80, 89, 100, 101, 102, 106, 107, 108, 117, 118, 121, 134, 152, 156, 158, 165, 182, 197]
123 (2)  [2, 34, 38, 54, 58, 71, 73, 74, 75, 76, 78, 84, 102, 103, 104, 111, 120, 133, 137, 141, 142, 144, 153, 163, 183, 185]
124 (2)  [4, 5, 6, 12, 17, 21, 39, 47, 54, 61, 94, 102, 108, 111, 114, 120, 125, 135, 147, 158, 162, 173, 177, 187, 199, 200]
125 (2)  [1, 29, 34, 35, 37, 39, 62, 67, 75, 77, 83, 84, 87, 91, 103, 106, 117, 121, 124, 126, 139, 144, 168, 171, 182, 189, 198]
126 (2)  [4, 14, 17, 38, 56, 59, 68, 81, 84, 86, 90, 103, 112, 120, 125, 127, 144, 151, 159, 165, 170, 171, 172, 178, 188, 190, 198]
127 (3)  [6, 26, 37, 47, 49, 56, 57, 61, 68, 69, 70, 85, 116, 126, 144, 147, 153, 157, 170, 172, 176, 177, 182, 183, 184, 188, 195]
128 (4)  [14, 26, 67, 68, 75, 77, 83, 89, 155, 175, 180]
129 (4)  [9, 23, 53, 69, 86, 87, 88, 117, 120, 186, 194, 198, 200]
130 (4)  [10, 21, 30, 31, 38, 54, 63, 89, 102, 153, 160, 161, 177, 183]
131 (4)  [26, 33, 53, 59, 85, 98, 110, 119, 140, 143, 147, 150, 159, 179, 188]
132 (4)  [13, 24, 32, 50, 58, 83, 103, 110, 111, 116, 117, 119, 121, 167, 198]
133 (4)  [34, 44, 50, 71, 82, 87, 93, 97, 104, 118, 123, 174, 176, 187, 198]
134 (4)  [9, 18, 20, 45, 49, 80, 84, 122, 135, 139, 146, 161, 180, 184, 196, 198]
135 (4)  [38, 57, 72, 85, 98, 105, 124, 134, 155, 177, 180, 184, 191, 192, 194, 196]
136 (4)  [47, 59, 67, 71, 75, 78, 82, 93, 103, 143, 148, 154, 159, 189, 193, 199]
137 (4)  [42, 68, 69, 103, 109, 116, 123, 139, 140, 142, 145, 162, 168, 170, 182, 195]
138 (4)  [19, 34, 45, 46, 62, 64, 65, 67, 70, 75, 95, 114, 157, 163, 165, 169, 198]
139 (4)  [27, 28, 57, 65, 69, 72, 84, 99, 121, 125, 134, 137, 157, 173, 174, 186, 191]
140 (4)  [24, 38, 44, 57, 58, 60, 65, 74, 89, 113, 121, 131, 137, 148, 159, 181, 197]
141 (4)  [14, 20, 56, 58, 74, 77, 120, 121, 123, 147, 153, 160, 162, 169, 174, 189, 194]
142 (4)  [31, 46, 70, 74, 78, 81, 97, 102, 113, 117, 123, 137, 143, 146, 157, 163, 169]
143 (4)  [18, 22, 41, 51, 58, 71, 78, 79, 83, 94, 131, 136, 142, 155, 160, 167, 187]
144 (4)  [20, 24, 31, 45, 46, 51, 57, 61, 63, 98, 117, 123, 125, 126, 127, 165, 185, 188]
145 (4)  [13, 25, 30, 43, 44, 79, 88, 137, 147, 154, 169, 170, 177, 178, 182, 186, 195, 196]
146 (4)  [7, 14, 15, 22, 51, 57, 60, 76, 92, 99, 101, 114, 117, 134, 142, 151, 156, 189]
147 (4)  [13, 33, 57, 71, 74, 77, 82, 99, 116, 124, 127, 131, 141, 145, 150, 186, 193, 194]
148 (4)  [7, 20, 48, 55, 60, 63, 66, 72, 105, 136, 140, 154, 168, 172, 187, 189, 190, 199]
149 (4)  [14, 26, 48, 55, 59, 97, 105, 109, 110, 121, 157, 161, 168, 178, 181, 188, 190, 193]
150 (4)  [44, 55, 80, 81, 100, 108, 112, 121, 131, 147, 151, 175, 176, 178, 185, 186, 190, 192]
151 (4)  [15, 16, 25, 30, 34, 54, 64, 68, 74, 95, 115, 116, 121, 126, 146, 150, 158, 162, 200]
152 (4)  [7, 15, 36, 37, 59, 61, 76, 80, 81, 98, 101, 115, 122, 168, 175, 177, 196, 198, 199]
153 (4)  [62, 80, 86, 89, 92, 110, 113, 118, 123, 127, 130, 141, 157, 162, 166, 170, 185, 186, 199]
154 (4)  [32, 33, 42, 57, 73, 76, 80, 87, 91, 97, 112, 115, 136, 145, 148, 158, 184, 186, 190]
155 (4)  [18, 26, 41, 47, 54, 59, 78, 84, 86, 102, 120, 128, 135, 143, 166, 169, 175, 176, 199]
156 (4)  [10, 17, 28, 42, 44, 46, 60, 67, 71, 73, 105, 122, 146, 167, 168, 171, 192, 194, 197]
157 (4)  [14, 35, 43, 45, 53, 68, 89, 99, 101, 110, 113, 114, 127, 138, 139, 142, 149, 153, 162, 177]
158 (4)  [16, 19, 38, 46, 49, 91, 93, 94, 105, 108, 122, 124, 151, 154, 174, 180, 193, 197, 198, 200]
159 (4)  [12, 22, 24, 29, 31, 58, 71, 85, 88, 96, 98, 106, 112, 116, 126, 131, 136, 140, 163, 196]
160 (4)  [14, 30, 37, 43, 66, 93, 99, 104, 113, 130, 141, 143, 163, 168, 170, 179, 193, 194, 199, 200]
161 (4)  [8, 16, 33, 43, 72, 77, 82, 92, 112, 114, 118, 130, 134, 149, 172, 175, 181, 182, 189, 192]
162 (4)  [37, 41, 56, 85, 90, 91, 96, 124, 137, 141, 151, 153, 157, 174, 176, 177, 179, 181, 185, 196]
163 (4)  [12, 28, 32, 41, 45, 53, 76, 77, 83, 84, 115, 123, 138, 142, 159, 160, 164, 179, 184, 187]
164 (4)  [23, 40, 56, 68, 76, 79, 84, 86, 87, 90, 92, 105, 112, 120, 163, 169, 182, 188, 193, 194, 196]
165 (4)  [8, 19, 44, 52, 67, 78, 79, 95, 106, 107, 111, 113, 122, 126, 138, 144, 170, 176, 180, 189, 199]
166 (4)  [12, 38, 44, 50, 53, 68, 82, 83, 92, 94, 95, 97, 107, 112, 121, 153, 155, 176, 177, 192, 199]
167 (4)  [29, 30, 36, 40, 66, 74, 80, 81, 84, 90, 94, 100, 101, 115, 119, 132, 143, 156, 178, 181, 183]
168 (4)  [28, 52, 76, 96, 97, 100, 105, 107, 115, 125, 137, 148, 149, 152, 156, 160, 173, 176, 181, 185, 195]
169 (4)  [39, 58, 59, 63, 64, 68, 70, 76, 99, 106, 138, 141, 142, 145, 155, 164, 171, 178, 186, 187, 199]
170 (4)  [14, 16, 40, 43, 80, 85, 109, 126, 127, 137, 145, 153, 160, 165, 171, 174, 175, 184, 185, 187, 199]
171 (4)  [60, 66, 67, 104, 108, 112, 118, 119, 125, 126, 156, 169, 170, 173, 178, 179, 180, 184, 185, 190, 191]
172 (4)  [45, 50, 66, 68, 69, 75, 82, 85, 88, 90, 94, 95, 97, 101, 106, 126, 127, 148, 161, 195, 200]
173 (4)  [14, 26, 32, 36, 41, 42, 57, 78, 107, 108, 113, 115, 118, 124, 139, 168, 171, 183, 184, 197, 200]
174 (4)  [22, 28, 35, 45, 52, 66, 104, 106, 133, 139, 141, 158, 162, 170, 177, 181, 183, 185, 186, 192, 193, 198]
175 (4)  [12, 19, 25, 27, 39, 46, 49, 53, 54, 59, 61, 86, 96, 100, 128, 150, 152, 155, 161, 170, 178, 189]
176 (4)  [9, 34, 45, 58, 64, 67, 70, 73, 76, 115, 116, 127, 133, 150, 155, 162, 165, 166, 168, 187, 188, 189]
177 (4)  [35, 44, 61, 74, 97, 101, 112, 113, 114, 124, 127, 130, 135, 145, 152, 157, 162, 166, 174, 186, 193, 200]
178 (4)  [25, 30, 49, 62, 64, 88, 101, 107, 113, 118, 119, 121, 126, 145, 149, 150, 167, 169, 171, 175, 187, 195]
179 (4)  [19, 26, 48, 57, 74, 78, 82, 83, 86, 91, 97, 99, 131, 160, 162, 163, 171, 180, 183, 190, 197, 199, 200]
180 (4)  [13, 32, 49, 53, 64, 77, 85, 89, 96, 103, 105, 109, 128, 134, 135, 158, 165, 171, 179, 181, 184, 185, 200]
181 (4)  [12, 16, 23, 24, 27, 29, 35, 46, 89, 93, 99, 106, 114, 120, 121, 140, 149, 161, 162, 167, 168, 174, 180]
182 (4)  [14, 16, 37, 43, 52, 56, 59, 61, 65, 88, 99, 109, 122, 125, 127, 137, 145, 161, 164, 185, 188, 190, 197]
183 (4)  [9, 13, 27, 50, 62, 69, 72, 73, 74, 85, 88, 90, 98, 100, 117, 123, 127, 130, 167, 173, 174, 179, 194]
184 (4)  [24, 25, 29, 34, 36, 38, 65, 83, 84, 101, 103, 105, 110, 114, 127, 134, 135, 154, 163, 170, 171, 173, 180, 195]
185 (4)  [15, 17, 24, 30, 66, 88, 104, 107, 109, 113, 117, 123, 144, 150, 153, 162, 168, 170, 171, 174, 180, 182, 191, 193]
186 (4)  [13, 37, 41, 42, 58, 63, 75, 84, 99, 107, 112, 114, 119, 129, 139, 145, 147, 150, 153, 154, 169, 174, 177, 189]
187 (4)  [36, 51, 52, 59, 70, 71, 78, 81, 85, 87, 88, 95, 117, 124, 133, 143, 148, 163, 169, 170, 176, 178, 191, 195]
188 (4)  [9, 36, 40, 51, 61, 72, 75, 89, 100, 106, 108, 119, 121, 126, 127, 131, 144, 149, 164, 176, 182, 192, 198, 199]
189 (4)  [8, 31, 50, 54, 55, 62, 86, 98, 103, 107, 119, 125, 136, 141, 146, 148, 161, 165, 175, 176, 186, 192, 198, 199]
190 (4)  [21, 29, 40, 46, 50, 57, 79, 82, 85, 88, 95, 104, 113, 119, 126, 148, 149, 150, 154, 171, 179, 182, 192, 194]
191 (4)  [13, 16, 36, 45, 51, 52, 62, 63, 67, 74, 79, 81, 83, 105, 109, 112, 115, 116, 121, 135, 139, 171, 185, 187]
192 (4)  [24, 27, 29, 35, 36, 42, 46, 48, 71, 83, 90, 91, 109, 112, 120, 135, 150, 156, 161, 166, 174, 188, 189, 190]
193 (4)  [27, 54, 60, 66, 71, 77, 84, 91, 105, 110, 113, 114, 116, 120, 136, 147, 149, 158, 160, 164, 174, 177, 185, 196, 199]
194 (4)  [9, 22, 23, 41, 42, 55, 61, 69, 93, 105, 107, 108, 109, 115, 119, 129, 135, 141, 147, 156, 160, 164, 183, 190, 195]
195 (4)  [24, 32, 33, 38, 53, 57, 67, 71, 72, 82, 85, 98, 105, 106, 107, 127, 137, 145, 168, 172, 178, 184, 187, 194, 198]
196 (4)  [23, 25, 31, 43, 46, 51, 52, 53, 62, 77, 80, 86, 96, 98, 111, 115, 116, 134, 135, 145, 152, 159, 162, 164, 193]
197 (4)  [11, 19, 24, 36, 41, 43, 51, 62, 65, 67, 72, 76, 89, 96, 101, 106, 111, 122, 140, 156, 158, 173, 179, 182, 200]
198 (4)  [14, 29, 33, 37, 48, 75, 80, 94, 95, 100, 111, 114, 120, 125, 126, 129, 132, 133, 134, 138, 152, 158, 174, 188, 189, 195]
199 (4)  [20, 39, 65, 67, 77, 85, 87, 88, 91, 94, 108, 118, 124, 136, 148, 152, 153, 155, 160, 165, 166, 169, 170, 179, 188, 189, 193, 200]
200 (4)  [12, 17, 21, 25, 27, 50, 54, 55, 72, 78, 92, 98, 105, 107, 111, 112, 118, 124, 129, 151, 158, 160, 172, 173, 177, 179, 180, 197, 199]
