Cloud with a total of 15 clusters.
intracluster-distance (maximum): 1.6813.
intercluster-distance (minimum): 1.67066.
best intra-inter cluster distance ratio: 0.00447275.
9.802 10.132 15
10.35 9.768 15
10.098 9.988 15
9.73 9.91 15
9.754 10.43 15
9.836 9.902 15
10.238 9.866 15
9.53 9.862 15
10.154 9.82 15
9.336 10.456 15
9.378 10.21 15
9.712 10.264 15
9.638 10.208 15
9.518 9.956 15
10.236 9.91 15
9.4 10.086 15
10.196 9.746 15
10.138 9.828 15
10.062 10.26 15
10.394 9.984 15
10.284 10.348 15
9.706 9.978 15
9.906 10.588 15
10.356 9.198 0
9.954 9.704 15
9.796 10.378 15
10.386 10.608 15
10.41 9.912 15
10.172 10.598 15
10.286 9.712 15
9.932 10.234 15
10.298 9.948 15
10.352 9.932 15
9.848 10.328 15
10.514 10.498 15
9.944 9.934 15
9.92 10.022 15
9.908 10.606 15
10.182 9.99 15
10.256 9.25 0
12.04 10.028 14
12.082 10.044 14
12.4 10.156 14
11.988 9.926 14
12.34 9.918 14
12.228 9.978 14
12.348 10.488 14
12.044 9.358 14
11.736 10.122 14
12.35 9.798 14
11.246 10.122 14
12.276 10.99 0
12.374 10.018 14
12.53 10 14
12.27 9.792 14
12.364 10.176 14
12.458 10.18 14
11.952 9.682 14
11.772 9.924 14
11.502 10.008 14
12.134 9.482 14
11.628 10.286 14
12.064 9.616 14
11.906 9.82 14
11.736 10.29 14
12.114 10.904 0
11.59 9.712 14
12.648 9.814 14
12.164 11.018 0
12.22 9.796 14
11.846 9.634 14
11.808 10.058 14
12.096 9.846 14
11.594 10.078 14
12.252 9.938 14
11.998 9.676 14
11.894 10.012 14
12.274 9.936 14
12.176 10.364 14
12.104 10.388 14
11.372 11.466 13
10.94 11.482 13
11.084 11.554 13
11.232 11.374 13
11.22 11.64 13
10.962 11.75 13
11.014 11.746 13
11.524 10.982 0
11.012 11.364 13
11.2 11.062 13
11.626 11.894 13
11.23 11.728 13
11.144 11.91 13
11.106 11.868 13
11.53 11.918 13
11.21 11.114 13
10.746 11.702 13
11.154 11.692 13
11.412 11.924 13
10.948 11.532 13
10.988 12.298 13
10.96 11.392 13
11.656 11.346 13
11.178 12.062 13
11.368 11.56 13
11.264 11.724 13
11.554 11.576 13
10.974 11.114 13
11.12 11.634 13
11.51 12.052 13
10.95 11.402 13
11.864 12.406 0
11.198 10.854 13
11.65 11.496 13
11.248 11.722 13
11.602 11.888 13
11.424 11.454 13
11.312 11.718 13
10.736 11.68 13
11.56 11.798 13
10.028 12.268 12
9.282 11.976 12
9.178 11.53 12
9.954 12.398 12
9.622 11.558 12
9.914 11.844 12
9.07 11.092 0
10.578 11.354 0
9.582 12.14 12
9.622 11.528 12
9.35 11.71 12
10.234 11.974 12
8.986 12.31 12
9.438 12.11 12
9.592 12.012 12
9.666 11.88 12
9.364 12.012 12
9.71 11.772 12
9.992 11.836 12
9.916 12.028 12
9.382 12.226 12
9.808 12.23 12
9.272 12.152 12
9.392 11.18 0
9.28 11.976 12
9.848 11.632 12
9.322 11.514 12
9.718 11.95 12
9.12 11.76 12
8.978 12.37 12
10.072 12.202 12
9.966 11.822 12
9.506 11.648 12
9.702 11.536 12
9.45 11.96 12
9.916 11.962 12
9.96 11.538 12
9.014 11.744 12
9.024 11.846 12
10.296 11.61 0
7.87 10.838 11
8.164 10.534 11
8.214 10.62 11
8.166 10.698 11
8.05 10.746 11
7.978 11.13 11
8.08 10.992 11
8.472 11.082 11
8.494 10.584 11
8.354 10.38 11
8.096 10.714 11
7.882 10.832 11
7.908 11.346 11
7.814 10.872 11
8.28 10.104 11
8.082 10.676 11
8.068 10.118 11
8.116 10.698 11
8.042 10.79 11
8.096 10.878 11
8.124 10.932 11
8.632 11.124 11
8.27 10.716 11
7.622 10.148 0
8.198 11.398 11
8.582 11.064 11
7.942 11.076 11
8.004 10.574 11
8.504 11.378 11
8.118 11.012 11
7.874 11.296 11
7.668 10.924 11
7.966 10.72 11
7.94 10.996 11
7.988 11.228 11
8.164 11.112 11
8.386 10.772 11
8.248 10.994 11
8.286 10.734 11
8.224 10.316 11
7.976 9.578 10
7.876 8.796 10
8.172 9.01 10
8.068 9.202 10
8.416 8.654 10
8.71 8.458 10
8.056 8.434 10
7.304 9.266 0
8.118 8.608 10
7.616 9.446 10
8.092 8.956 10
8.368 8.968 10
8.022 9.334 10
8.32 9.062 10
7.832 8.952 10
7.704 8.672 10
8.236 9.108 10
8.37 8.904 10
8.352 8.896 10
8.046 9.228 10
7.71 9.538 10
8.534 8.55 10
7.996 9.172 10
8.046 9.204 10
8.622 9.174 10
7.776 8.898 10
8.226 9.038 10
7.904 9.194 10
7.874 8.856 10
7.992 8.952 10
8.262 9.468 10
8.088 9.294 10
8.034 9.792 10
8.352 9.016 10
7.85 9.334 10
8.404 9.366 10
7.892 8.808 10
8.202 9.232 10
7.668 9.026 10
8.242 9.308 10
9.432 8.61 9
10.066 8.19 9
9.146 8.044 9
9.662 7.866 9
9.6 7.874 9
8.618 8.552 10
9.334 7.658 9
9.424 7.83 9
8.892 8.166 9
9.386 7.746 9
9.878 8.054 9
9.558 7.948 9
9.222 8.002 9
9.52 8.282 9
9.76 7.932 9
9.568 8.052 9
9.736 7.552 9
9.584 8.478 9
9.358 8.242 9
9.404 7.79 9
9.458 8.54 9
9.482 7.766 9
8.844 8.024 9
9.29 8.472 9
9.274 7.566 9
9.11 8.014 9
9.542 7.688 9
9.432 8.122 9
9.786 8.066 9
9.382 7.664 9
9.404 8.228 9
9.146 8.158 9
9.622 8.004 9
10.286 7.892 0
9.43 7.676 9
9.44 8.058 9
9.788 7.684 9
9.586 7.91 9
9.694 7.448 9
9.576 7.866 9
11.442 8.688 8
11.466 8.558 8
10.674 8.936 8
11.23 8.126 8
11.614 8.588 8
11.59 8.496 8
11.536 7.586 0
11.638 8.266 8
11.16 8.43 8
10.904 8.532 8
11.284 8.742 8
11.25 8.192 8
10.84 8.218 8
11.798 8.836 8
11.51 8.094 8
10.932 7.796 8
11.404 8.206 8
11.088 8.326 8
11.334 8.17 8
11.272 8.394 8
11.59 8.408 8
11.212 8.516 8
11.566 8.024 8
11.246 8.584 8
11.252 8.566 8
10.78 8.294 8
11.04 8.322 8
11.198 7.886 8
11.168 8.262 8
11.88 8.08 8
11.356 8.586 8
11.182 8.342 8
10.836 8.664 8
11.696 8.906 8
11.282 8.28 8
10.718 8.534 8
10.444 8.684 8
11.124 8.618 8
11.392 8.94 8
11.212 8.308 8
16.674 9.638 7
16.162 10.302 7
16.612 10.218 7
16.1 9.702 7
16.404 10.072 7
15.93 10.106 7
16.128 9.888 7
16.41 10.188 7
15.982 9.92 7
16.224 10.02 7
16.296 9.458 7
16.586 10.174 7
16.314 10.716 7
16.278 9.452 7
16.622 9.652 7
16.22 9.494 7
16.626 10.162 7
16.982 10.596 7
16.27 10.128 7
16.202 9.7 7
16.532 9.776 7
17.124 9.726 0
16.47 9.698 7
16.004 10.28 7
16.366 9.796 7
16.268 9.522 7
16.13 9.748 7
16.67 10.498 7
16.488 10.542 7
16.57 10.21 7
16.456 10.112 7
16.482 9.986 7
16.584 9.754 7
16.1 9.93 7
16.226 9.67 7
16.448 9.566 7
16.572 9.624 7
16.436 9.41 7
16.502 9.98 7
16.418 9.966 7
14.362 14.644 6
14.138 14.63 6
14.064 15.072 6
13.692 14.958 6
14.238 15.296 6
13.73 15.128 6
13.952 14.868 6
13.986 14.77 6
13.916 14.996 6
13.874 14.954 6
14.168 15.276 6
14.278 15.152 6
14.098 14.9 6
13.764 15.212 6
13.948 14.218 6
14.13 14.838 6
13.362 14.932 6
13.546 14.844 6
14.13 15.11 6
13.816 14.602 6
14.386 14.686 6
13.786 14.726 6
14.204 14.822 6
13.856 15.206 6
14.074 14.384 6
13.68 14.988 6
14.204 14.976 6
13.388 15.39 0
13.708 15.048 6
14.114 15.366 6
14.4 15.04 6
14.194 15.04 6
13.888 15.436 6
13.958 15.322 6
13.922 14.802 6
13.652 14.602 6
14.294 14.996 6
13.81 14.526 6
13.408 15.34 0
13.834 14.778 6
8.826 16.474 5
8.33 16.488 5
8.468 16.378 5
8.904 15.846 5
8.662 16.354 5
8.684 16.776 5
8.33 16.066 5
8.904 16.402 5
8.778 16.486 5
8.81 16.458 5
8.398 16.576 5
8.542 15.918 5
9.064 16.456 5
9.152 16.094 5
8.614 15.908 5
8.566 17.012 5
8.12 16.11 5
8.844 16.026 5
8.398 16.282 5
8.808 15.59 5
8.502 16.166 5
8.942 16.19 5
8.376 16.112 5
8.518 15.84 5
8.878 16.004 5
8.582 16.774 5
8.248 16.154 5
8.588 16.24 5
8.706 16.374 5
8.524 16.392 5
8.458 16.452 5
8.83 16.36 5
8.616 16.112 5
8.844 16.362 5
8.468 15.928 5
8.62 16.674 5
8.974 16.53 5
8.826 16.084 5
8.104 15.962 5
8.386 16.24 5
4.576 12.878 4
4.46 13.16 4
3.632 12.862 4
4.238 12.506 4
4.348 13.268 4
3.788 12.372 4
4.19 12.772 4
3.86 12.706 4
3.978 13.308 4
4.336 12.854 4
4.218 13.03 4
4.25 13.002 4
4.334 13.06 4
4.654 12.566 4
4.38 12.792 4
3.968 13.016 4
4.614 12.526 4
3.95 12.67 4
4.038 12.67 4
4.426 12.238 4
4.066 12.514 4
4.248 12.392 4
4.61 12.95 4
4.328 12.99 4
4.5 12.522 4
4.176 12.71 4
4.492 12.464 4
4.134 12.834 4
4.316 12.764 4
4.454 12.084 4
4.052 12.934 4
4.26 13.118 4
4.058 13.718 4
4.24 12.626 4
3.838 12.232 4
4.128 13.4 4
3.764 12.38 4
4.424 13.186 4
4.234 12.994 4
5.13 13.296 0
3.9 6.742 3
3.994 7.206 3
4.278 7.222 3
4.172 6.848 3
3.882 6.894 3
3.936 6.994 3
4.162 6.87 3
3.762 7.1 3
4.256 7.612 3
4.55 6.822 3
4.062 6.984 3
4.026 7.23 3
4.364 7.184 3
4.292 7.208 3
4.288 6.91 3
4.018 7.062 3
4.07 7.104 3
4.548 7.654 3
4.402 7.082 3
3.692 7.49 3
4.888 7.194 3
4.456 7.146 3
4.732 7.154 3
4.088 7.212 3
4.502 6.928 3
3.402 7.434 3
4.246 6.692 3
4.166 7.256 3
4.852 6.83 3
4.398 7.428 3
5.016 7.054 3
4.25 6.76 3
3.738 7.082 3
4.254 7.264 3
4.122 7.238 3
3.878 7.232 3
4.55 7.29 3
4.03 7.126 3
4.412 7.022 3
4.276 7.244 3
8.376 3.788 2
8.81 3.864 2
8.218 3.548 2
8.374 3.748 2
8.102 4.3 2
8.386 3.952 2
8.858 3.274 2
8.884 3.504 2
8.294 3.38 2
8.38 3.178 2
8.738 4.294 0
9.1 3.84 2
9.086 3.6 2
8.616 3.45 2
8.624 3.698 2
8.632 3.82 2
8.286 3.704 2
8.816 3.58 2
8.722 3.854 2
8.298 3.378 2
9.014 4.034 2
8.87 3.554 2
8.562 3.662 2
8.6 3.828 2
8.94 3.836 2
8.768 4.32 0
8.838 3.926 2
8.288 3.466 2
8.652 3.782 2
8.376 3.956 2
7.724 3.414 0
8.374 4.136 2
8.6 3.712 2
9.026 3.788 2
8.534 3.252 2
8.874 3.602 2
8.796 3.888 2
8.592 3.988 2
8.98 4.014 2
8.562 3.856 2
13.894 4.16 0
14.278 5.26 1
14.364 4.748 1
14.108 4.918 1
13.998 5.498 1
14.4 5.296 1
14.3 5.368 1
13.958 5.35 1
13.842 4.984 1
13.85 4.246 0
13.978 5.356 1
14.366 5.104 1
14.272 4.94 1
14.336 5.176 1
14.744 5.248 1
14.306 5.06 1
13.986 5.05 1
14.44 5.33 1
14.004 4.92 1
13.332 4.592 1
14.218 5.544 1
14.154 4.768 1
13.468 4.92 1
13.67 5.406 1
13.664 5.016 1
14.12 4.87 1
13.836 4.51 0
14.204 5.064 1
14.004 5.228 1
13.266 4.858 1
13.668 5.34 1
14.528 4.812 1
14.318 4.592 1
14.018 5.182 1
14.37 4.884 1
14.198 4.804 1
14.32 4.59 1
13.636 5.218 1
14.41 4.656 1
14.02 5.614 1
