1 (1)  [2, 3, 4, 7, 14, 19, 26, 31]
2 (1)  [1, 4, 5, 6, 10, 29, 31, 34]
3 (1)  [1, 5, 8, 23, 27, 31, 32, 36]
4 (1)  [1, 2, 6, 17, 24, 25, 28, 35, 37]
5 (1)  [2, 3, 7, 12, 14, 16, 18, 30, 32]
6 (1)  [2, 4, 7, 9, 21, 22, 24, 33, 36]
7 (2)  [1, 5, 6]
8 (2)  [3, 41, 47]
9 (3)  [6, 21, 31]
10 (3)  [2, 15, 17]
11 (3)  [31, 32, 48]
12 (3)  [5, 28, 35]
13 (3)  [29, 31, 42]
14 (2)  [1, 5, 46]
15 (3)  [10, 22, 31]
16 (3)  [5, 27, 29, 31]
17 (2)  [4, 10, 30, 37]
18 (3)  [5, 20, 33, 37]
19 (3)  [1, 28, 31, 31, 34]
20 (3)  [18, 22, 31, 36, 46]
21 (2)  [6, 9, 28, 31, 31]
22 (2)  [6, 15, 20, 38, 48]
23 (2)  [3, 24, 32, 39, 42]
24 (3)  [4, 6, 23, 33, 36]
25 (3)  [4, 26, 27, 32, 44]
26 (3)  [1, 25, 34, 35, 36, 37]
27 (2)  [3, 16, 25, 34, 44, 45]
28 (2)  [4, 12, 19, 21, 43, 47]
29 (2)  [2, 13, 16, 30, 35, 37]
30 (3)  [5, 17, 29, 33, 47, 48]
31 (3)  [1, 16, 19, 21, 33, 34]
32 (2)  [3, 5, 11, 23, 25, 31, 40]
33 (2)  [6, 18, 24, 30, 31, 46, 47]
34 (3)  [2, 19, 26, 27, 31, 35, 48]
35 (3)  [4, 12, 26, 29, 34, 41, 46]
36 (3)  [3, 6, 20, 24, 26, 37, 47]
37 (2)  [4, 17, 18, 26, 29, 36, 44, 48]
38 (3)  [22]
39 (3)  [23]
40 (4)  [32, 43]
41 (4)  [8, 35]
42 (4)  [13, 23]
43 (3)  [28, 40]
44 (4)  [25, 27, 37, 45]
45 (4)  [27, 44, 46, 48]
46 (4)  [14, 20, 33, 35, 45]
47 (4)  [8, 28, 30, 33, 36]
48 (3)  [11, 22, 30, 34, 37, 45]
